service_date,day_type,bus_boardings,rail_boardings,total_rides
9/1/17,W,827394,760661,1588055
1/17/15,A,539500,417756,957256
1/12/15,W,871183,738697,1609880
1/31/15,A,551745,419577,971322
1/20/15,W,913930,754946,1668876
1/18/15,U,391445,300710,692155
1/2/15,W,656375,527583,1183958
1/29/15,W,898174,760217,1658391
1/6/15,W,771953,679913,1451866
1/21/15,W,905178,756860,1662038
1/27/15,W,913448,764457,1677905
1/1/15,U,300426,287754,588180
1/16/15,W,898222,748177,1646399
1/13/15,W,881226,743774,1625000
1/10/15,A,435672,352140,787812
1/8/15,W,558275,579994,1138269
1/5/15,W,753918,657877,1411795
1/4/15,U,330082,267676,597758
1/15/15,W,899363,760336,1659699
1/14/15,W,885449,742410,1627859
1/23/15,W,902567,747376,1649943
1/24/15,A,538766,415123,953889
1/19/15,W,597347,502376,1099723
1/30/15,W,933971,754968,1688939
1/3/15,A,441327,340135,781462
1/11/15,U,349027,279494,628521
1/28/15,W,922297,763680,1685977
1/9/15,W,715334,639901,1355235
1/22/15,W,903230,761705,1664935
1/25/15,U,339402,279154,618556
1/26/15,W,896430,738965,1635395
1/7/15,W,508815,509075,1017890
2/27/15,W,903421,736663,1640084
2/4/15,W,957218,791399,1748617
2/11/15,W,966071,770885,1736956
2/14/15,A,514916,380652,895568
2/26/15,W,857402,755359,1612761
2/15/15,U,336299,276160,612459
2/25/15,W,905748,752497,1658245
2/3/15,W,947457,806148,1753605
2/7/15,A,600789,439214,1040003
2/8/15,U,399923,298701,698624
2/2/15,W,632367,563770,1196137
2/21/15,A,565948,410400,976348
2/19/15,W,576326,575180,1151506
2/23/15,W,857014,700742,1557756
2/5/15,W,932148,780378,1712526
2/22/15,U,378733,299663,678396
2/9/15,W,936475,750136,1686611
2/17/15,W,912529,745575,1658104
2/24/15,W,901872,728674,1630546
2/28/15,A,542479,405241,947720
2/13/15,W,911949,740559,1652508
2/6/15,W,959648,768091,1727739
2/12/15,W,883395,729249,1612644
2/10/15,W,965833,772727,1738560
2/16/15,W,652807,547767,1200574
2/20/15,W,847700,697600,1545300
2/18/15,W,833785,707746,1541531
2/1/15,U,293689,270615,564304
3/29/15,U,362329,325865,688194
3/1/15,U,383971,293964,677935
3/7/15,A,585771,427330,1013101
3/2/15,W,912384,715945,1628329
3/12/15,W,953310,790210,1743520
3/5/15,W,909192,744229,1653421
3/23/15,W,817246,693264,1510510
3/27/15,W,888293,726738,1615031
3/19/15,W,928929,771127,1700056
3/16/15,W,939583,768218,1707801
3/10/15,W,953173,767551,1720724
3/15/15,U,432055,362045,794100
3/28/15,A,539031,429689,968720
3/13/15,W,950690,801547,1752237
3/3/15,W,904439,735951,1640390
3/26/15,W,925361,736687,1662048
3/21/15,A,566447,447493,1013940
3/11/15,W,955083,778171,1733254
3/20/15,W,932331,760906,1693237
3/24/15,W,904344,727888,1632232
3/14/15,A,605758,673707,1279465
3/18/15,W,937056,771625,1708681
3/22/15,U,383134,306283,689417
3/30/15,W,903992,736692,1640684
3/8/15,U,399324,309962,709286
3/31/15,W,922487,753405,1675892
3/6/15,W,909446,732902,1642348
3/17/15,W,934438,770081,1704519
3/9/15,W,935951,752995,1688946
3/25/15,W,916538,734311,1650849
3/4/15,W,928771,750369,1679140
5/9/15,A,572064,455436,1027500
4/12/15,U,410420,332334,742754
5/8/15,W,916218,780602,1696820
5/20/15,W,906942,760399,1667341
4/22/15,W,925517,780432,1705949
4/23/15,W,935537,799888,1735425
5/5/15,W,918652,769751,1688403
5/1/15,W,993931,835711,1829642
5/16/15,A,561092,493377,1054469
5/28/15,W,925094,787104,1712198
4/18/15,A,599954,503902,1103856
4/29/15,W,934550,793551,1728101
5/3/15,U,435591,379014,814605
4/16/15,W,890058,791213,1681271
4/24/15,W,912926,782626,1695552
5/2/15,A,629640,548837,1178477
5/23/15,A,575386,501879,1077265
4/4/15,A,582015,427101,1009116
5/22/15,W,908692,760362,1669054
5/18/15,W,908842,761991,1670833
5/19/15,W,902867,759919,1662786
4/5/15,U,393690,327292,720982
5/17/15,U,415263,373832,789095
4/28/15,W,941909,789018,1730927
4/27/15,W,925541,769888,1695429
4/21/15,W,931681,779658,1711339
5/21/15,W,921476,784762,1706238
4/10/15,W,828661,757159,1585820
4/6/15,W,807389,711923,1519312
5/30/15,A,481814,428464,910278
4/11/15,A,586791,469045,1055836
5/31/15,U,388866,351159,740025
4/26/15,U,419729,352658,772387
5/13/15,W,926402,784501,1710903
4/9/15,W,748326,711033,1459359
5/26/15,W,878946,743291,1622237
5/27/15,W,921204,783749,1704953
5/10/15,U,385323,315215,700538
5/24/15,U,401488,366008,767496
4/1/15,W,974353,784085,1758438
5/4/15,W,933337,756442,1689779
4/20/15,W,907393,762726,1670119
4/2/15,W,897550,761806,1659356
4/19/15,U,394676,338222,732898
4/14/15,W,946490,796083,1742573
4/3/15,W,814328,681130,1495458
5/29/15,W,892551,800510,1693061
4/25/15,A,496407,435893,932300
5/12/15,W,904654,770185,1674839
4/17/15,W,936814,818272,1755086
5/7/15,W,956437,810302,1766739
4/15/15,W,904861,796244,1701105
5/11/15,W,869148,743353,1612501
4/13/15,W,908654,767492,1676146
5/25/15,U,397951,357227,755178
4/8/15,W,822289,750275,1572564
5/6/15,W,951886,789988,1741874
5/15/15,W,921190,804671,1725861
5/14/15,W,912634,795093,1707727
4/30/15,W,923564,817167,1740731
4/7/15,W,813597,727328,1540925
6/6/15,A,606641,511352,1117993
6/17/15,W,869500,775968,1645468
6/24/15,W,821308,787858,1609166
6/15/15,W,817931,774439,1592370
6/3/15,W,964899,794693,1759592
6/1/15,W,942997,757975,1700972
6/22/15,W,759346,731448,1490794
6/10/15,W,915049,801607,1716656
6/4/15,W,938834,797464,1736298
6/8/15,W,891851,759176,1651027
6/12/15,W,854059,812194,1666253
6/19/15,W,893122,813552,1706674
6/18/15,W,867529,914768,1782297
6/23/15,W,840211,794064,1634275
6/26/15,W,773954,748661,1522615
6/14/15,U,419317,407107,826424
6/7/15,U,388946,337748,726694
6/9/15,W,932006,792806,1724812
6/21/15,U,439513,390557,830070
6/27/15,A,570969,509237,1080206
6/30/15,W,835118,751277,1586395
6/20/15,A,563855,500734,1064589
6/29/15,W,797072,730941,1528013
6/13/15,A,590950,566965,1157915
6/28/15,U,439944,577866,1017810
6/25/15,W,808260,791423,1599683
6/2/15,W,933346,779073,1712419
6/11/15,W,898644,811432,1710076
6/16/15,W,911783,818185,1729968
6/5/15,W,919157,784462,1703619
8/9/15,U,414942,384961,799903
7/16/15,W,802468,762144,1564612
8/12/15,W,817244,772367,1589611
8/21/15,W,829744,785707,1615451
8/8/15,A,577878,534305,1112183
7/27/15,W,820529,760311,1580840
8/29/15,A,520511,468675,989186
8/2/15,U,425896,469421,895317
8/5/15,W,831758,765442,1597200
8/1/15,A,574270,587633,1161903
8/14/15,W,813718,760558,1574276
8/20/15,W,820929,778440,1599369
7/8/15,W,848028,813381,1661409
7/17/15,W,822257,809549,1631806
8/27/15,W,858460,803728,1662188
7/31/15,W,834790,871817,1706607
7/23/15,W,844483,783822,1628305
8/26/15,W,860821,774429,1635250
8/28/15,W,841111,770482,1611593
8/16/15,U,448872,420453,869325
7/15/15,W,859672,775047,1634719
7/9/15,W,856253,834100,1690353
7/7/15,W,834983,794300,1629283
7/29/15,W,814733,820373,1635106
8/3/15,W,833632,751771,1585403
7/22/15,W,844761,785763,1630524
8/10/15,W,772518,716242,1488760
8/31/15,W,836125,771622,1607747
7/1/15,W,886380,762718,1649098
7/20/15,W,819425,749387,1568812
8/19/15,W,801496,768950,1570446
7/28/15,W,827024,782394,1609418
8/23/15,U,412542,393966,806508
8/11/15,W,823620,770361,1593981
8/30/15,U,417777,371923,789700
7/25/15,A,573827,539665,1113492
7/21/15,W,848416,782194,1630610
8/6/15,W,825012,795399,1620411
7/3/15,U,602599,612736,1215335
7/6/15,W,816338,770918,1587256
7/18/15,A,529845,515769,1045614
8/13/15,W,817948,790163,1608111
7/30/15,W,825894,811903,1637797
7/5/15,U,427090,435680,862770
7/2/15,W,850667,773838,1624505
8/17/15,W,775836,708821,1484657
7/13/15,W,784509,727235,1511744
8/4/15,W,839704,762573,1602277
7/4/15,A,508110,545727,1053837
7/12/15,U,457477,468153,925630
7/10/15,W,858745,851630,1710375
8/24/15,W,824140,774207,1598347
7/24/15,W,830024,818410,1648434
7/26/15,U,419005,402975,821980
7/11/15,A,575848,560642,1136490
8/25/15,W,838405,768794,1607199
7/19/15,U,440059,443655,883714
7/14/15,W,836909,760527,1597436
8/18/15,W,782272,745246,1527518
8/15/15,A,567544,517393,1084937
8/22/15,A,582295,519930,1102225
8/7/15,W,831076,798253,1629329
10/18/15,U,415455,392712,808167
9/7/15,U,419206,362421,781627
9/13/15,U,423559,417183,840742
9/28/15,W,929278,829791,1759069
10/25/15,U,415182,368100,783282
9/9/15,W,966510,821823,1788333
10/1/15,W,993576,848050,1841626
10/9/15,W,931769,854606,1786375
9/5/15,A,571868,528694,1100562
10/31/15,A,500004,418362,918366
10/30/15,W,949185,840246,1789431
9/19/15,A,558990,557919,1116909
10/12/15,W,759254,776968,1536222
9/18/15,W,895702,853094,1748796
9/16/15,W,956622,840594,1797216
10/19/15,W,930236,819286,1749522
10/24/15,A,556146,492083,1048229
10/27/15,W,916953,824772,1741725
10/26/15,W,929741,805144,1734885
9/17/15,W,927771,851514,1779285
10/29/15,W,916453,837868,1754321
10/2/15,W,981039,837159,1818198
9/6/15,U,452841,452445,905286
9/2/15,W,882052,792561,1674613
10/6/15,W,967808,831137,1798945
10/22/15,W,942983,852957,1795940
10/28/15,W,910794,826173,1736967
9/1/15,W,909864,799606,1709470
9/20/15,U,433770,428858,862628
9/11/15,W,924272,872323,1796595
9/22/15,W,947566,842632,1790198
10/4/15,U,417529,371950,789479
10/15/15,W,946290,860809,1807099
10/14/15,W,954519,845066,1799585
9/8/15,W,885886,756110,1641996
10/3/15,A,571153,488574,1059727
10/21/15,W,955633,882188,1837821
9/29/15,W,914286,822855,1737141
9/25/15,W,951827,863209,1815036
9/26/15,A,598862,565634,1164496
10/17/15,A,578160,546096,1124256
9/14/15,W,930582,803746,1734328
10/16/15,W,936818,855252,1792070
9/21/15,W,935471,837061,1772532
9/24/15,W,942518,835403,1777921
10/23/15,W,915489,828812,1744301
10/8/15,W,959798,851423,1811221
10/11/15,U,400140,558033,958173
10/10/15,A,577667,541173,1118840
10/5/15,W,948999,805091,1754090
9/3/15,W,907453,800062,1707515
9/27/15,U,422542,406802,829344
10/20/15,W,950953,875792,1826745
9/12/15,A,553239,530282,1083521
9/15/15,W,956026,853826,1809852
9/10/15,W,928707,823661,1752368
9/4/15,W,869966,802219,1672185
9/30/15,W,946374,835001,1781375
10/13/15,W,947941,873747,1821688
9/23/15,W,942933,838495,1781428
10/7/15,W,970204,854361,1824565
11/28/15,A,459598,396926,856524
11/7/15,A,573470,496404,1069874
11/18/15,W,893671,808901,1702572
11/13/15,W,837532,804273,1641805
11/3/15,W,987382,830460,1817842
11/17/15,W,880013,801291,1681304
11/23/15,W,877236,781545,1658781
11/30/15,W,870662,756626,1627288
11/24/15,W,898177,805812,1703989
11/1/15,U,436791,378873,815664
11/2/15,W,940464,817657,1758121
11/11/15,W,755234,738828,1494062
11/8/15,U,414784,379185,793969
11/6/15,W,925054,832872,1757926
11/5/15,W,942300,851684,1793984
11/27/15,W,443089,410220,853309
11/21/15,A,429624,469943,899567
11/22/15,U,356953,338408,695361
11/9/15,W,923927,811177,1735104
11/4/15,W,956176,842035,1798211
11/12/15,W,879349,820988,1700337
11/25/15,W,735265,667707,1402972
11/10/15,W,940362,832141,1772503
11/15/15,U,411704,352488,764192
11/20/15,W,894949,812590,1707539
11/26/15,U,288282,234285,522567
11/19/15,W,884290,811595,1695885
11/14/15,A,545554,475091,1020645
11/16/15,W,908305,797597,1705902
11/29/15,U,365314,312990,678304
12/3/15,W,940609,807065,1747674
12/15/15,W,884506,755882,1640388
12/25/15,U,231718,162100,393818
12/8/15,W,910018,775695,1685713
12/31/15,W,604409,565772,1170181
12/18/15,W,846033,738908,1584941
12/7/15,W,898172,758242,1656414
12/21/15,W,696473,644071,1340544
12/5/15,A,566882,501339,1068221
12/23/15,W,654312,571814,1226126
12/10/15,W,909606,796080,1705686
12/12/15,A,541305,491199,1032504
12/16/15,W,871638,755292,1626930
12/6/15,U,411174,360066,771240
12/30/15,W,636706,585337,1222043
12/1/15,W,949925,794768,1744693
12/4/15,W,930083,815301,1745384
12/9/15,W,916281,789224,1705505
12/26/15,A,387357,292832,680189
12/28/15,W,514171,484349,998520
12/2/15,W,906715,792020,1698735
12/22/15,W,722061,664559,1386620
12/14/15,W,849106,728299,1577405
12/17/15,W,864846,752203,1617049
12/27/15,U,334737,272169,606906
12/24/15,W,531521,378784,910305
12/19/15,A,506208,423960,930168
12/11/15,W,912854,801907,1714761
12/13/15,U,383666,344084,727750
12/20/15,U,392051,326681,718732
12/29/15,W,638221,571322,1209543
2/24/16,W,795160,725712,1520872
1/8/16,W,841494,732495,1573989
1/16/16,A,486797,404212,891009
1/9/16,A,469539,391597,861136
1/10/16,U,306896,263073,569969
2/6/16,A,522296,423602,945898
1/23/16,A,487975,416999,904974
1/26/16,W,872768,764023,1636791
2/16/16,W,883108,764147,1647255
2/25/16,W,855117,762858,1617975
1/11/16,W,753006,694734,1447740
1/15/16,W,858032,742622,1600654
1/12/16,W,760149,705694,1465843
2/8/16,W,856547,733387,1589934
1/21/16,W,873177,766262,1639439
2/22/16,W,869531,745072,1614603
2/1/16,W,926781,759849,1686630
1/5/16,W,846789,727716,1574505
2/2/16,W,833911,739247,1573158
1/7/16,W,846274,736809,1583083
2/3/16,W,925655,772821,1698476
1/14/16,W,859099,758116,1617215
2/7/16,U,377642,301141,678783
2/20/16,A,566721,464149,1030870
2/9/16,W,858961,752849,1611810
2/27/16,A,536678,455421,992099
2/19/16,W,887914,761996,1649910
1/27/16,W,882832,768241,1651073
2/4/16,W,901406,778227,1679633
1/24/16,U,352859,293804,646663
2/14/16,U,339238,314191,653429
1/4/16,W,829429,703185,1532614
1/28/16,W,877280,771161,1648441
2/29/16,W,862380,742972,1605352
2/13/16,A,438203,392095,830298
2/5/16,W,785587,731495,1517082
2/10/16,W,850090,742445,1592535
1/29/16,W,863548,751090,1614638
1/19/16,W,810646,727458,1538104
2/26/16,W,865397,749991,1615388
1/17/16,U,266532,241160,507692
2/21/16,U,378769,311190,689959
1/18/16,W,439597,405686,845283
1/3/16,U,340540,287661,628201
2/11/16,W,866884,752703,1619587
1/1/16,U,303321,319835,623156
2/12/16,W,820833,706242,1527075
2/23/16,W,890949,765309,1656258
1/22/16,W,841282,745168,1586450
1/30/16,A,510514,427874,938388
1/25/16,W,865486,751104,1616590
1/20/16,W,856911,758524,1615435
1/2/16,A,448859,365509,814368
1/6/16,W,853904,733167,1587071
1/13/16,W,787220,716663,1503883
1/31/16,U,358361,293056,651417
2/15/16,W,605584,548390,1153974
2/18/16,W,890627,773317,1663944
2/17/16,W,889758,766940,1656698
2/28/16,U,385121,323758,708879
3/19/16,A,520426,438020,958446
3/27/16,U,342269,278098,620367
3/1/16,W,859775,741922,1601697
3/21/16,W,845669,707127,1552796
3/9/16,W,882030,768961,1650991
3/20/16,U,388282,318670,706952
3/10/16,W,888084,780687,1668771
3/28/16,W,842760,731858,1574618
3/16/16,W,876232,779846,1656078
3/23/16,W,838201,714672,1552873
3/29/16,W,891134,766072,1657206
3/8/16,W,902888,781301,1684189
3/24/16,W,770638,689517,1460155
3/22/16,W,863201,727343,1590544
3/11/16,W,886599,797977,1684576
3/18/16,W,875707,765919,1641626
3/25/16,W,722960,650870,1373830
3/31/16,W,832775,758014,1590789
3/15/16,W,887592,769441,1657033
3/2/16,W,878633,760062,1638695
3/3/16,W,882188,764033,1646221
3/26/16,A,518549,415919,934468
3/13/16,U,332203,303129,635332
3/6/16,U,393610,327173,720783
3/4/16,W,883059,754750,1637809
3/5/16,A,503983,421193,925176
3/30/16,W,860700,750353,1611053
3/14/16,W,870740,766595,1637335
3/7/16,W,866171,739174,1605345
3/17/16,W,891580,793590,1685170
3/12/16,A,542246,605182,1147428
4/11/16,W,878043,789042,1667085
4/10/16,U,345627,301954,647581
4/24/16,U,397080,343644,740724
4/8/16,W,782419,753786,1536205
4/2/16,A,492072,406616,898688
4/30/16,A,474138,416588,890726
4/20/16,W,774694,745040,1519734
4/16/16,A,554744,505299,1060043
4/13/16,W,850705,796616,1647321
4/18/16,W,785035,732335,1517370
4/14/16,W,863513,805071,1668584
4/25/16,W,854155,751951,1606106
4/27/16,W,856722,782591,1639313
4/6/16,W,851050,763128,1614178
4/7/16,W,867670,786281,1653951
4/15/16,W,881603,806015,1687618
4/21/16,W,768704,754746,1523450
4/5/16,W,898889,774877,1673766
4/17/16,U,409732,376485,786217
4/1/16,W,848592,767974,1616566
4/26/16,W,862743,782134,1644877
4/19/16,W,765854,741141,1506995
4/28/16,W,851720,821158,1672878
4/12/16,W,886265,777658,1663923
4/3/16,U,396042,345432,741474
4/29/16,W,893284,815629,1708913
4/23/16,A,503944,445282,949226
4/4/16,W,857791,741710,1599501
4/22/16,W,745475,721051,1466526
4/9/16,A,509980,446082,956062
6/12/16,U,409577,414048,823625
7/15/16,W,769172,804635,1573807
5/14/16,A,497514,455838,953352
5/6/16,W,877873,814758,1692631
5/20/16,W,834308,756160,1590468
5/24/16,W,854725,767439,1622164
7/30/16,A,503786,576267,1080053
5/26/16,W,853656,775073,1628729
5/13/16,W,852594,787476,1640070
5/27/16,W,808244,757981,1566225
7/22/16,W,745409,747479,1492888
6/9/16,W,828551,789678,1618229
6/16/16,W,832864,777260,1610124
7/5/16,W,769179,735491,1504670
6/5/16,U,415836,395977,811813
5/9/16,W,815440,736551,1551991
5/21/16,A,513934,460385,974319
7/19/16,W,795162,797424,1592586
6/22/16,W,707452,755165,1462617
7/16/16,A,529240,528345,1057585
7/8/16,W,786823,790177,1577000
6/7/16,W,863284,795251,1658535
5/11/16,W,873275,804156,1677431
7/10/16,U,409685,397778,807463
6/13/16,W,827684,760210,1587894
6/18/16,A,526402,520856,1047258
7/29/16,W,739138,868062,1607200
5/8/16,U,393146,357946,751092
6/1/16,W,872679,788650,1661329
6/24/16,W,762562,781653,1544215
6/25/16,A,531261,506223,1037484
7/7/16,W,769513,774128,1543641
7/26/16,W,786060,777948,1564008
6/23/16,W,757817,760840,1518657
6/11/16,A,530558,542809,1073367
5/15/16,U,384799,360008,744807
6/30/16,W,763112,783020,1546132
5/2/16,W,878407,751259,1629666
6/20/16,W,785446,762810,1548256
7/4/16,U,393858,410925,804783
7/13/16,W,762764,742502,1505266
5/12/16,W,849532,775198,1624730
5/17/16,W,839788,748287,1588075
5/31/16,W,801439,753953,1555392
7/2/16,A,530654,448200,978854
6/27/16,W,753543,723488,1477031
6/19/16,U,405719,396078,801797
6/10/16,W,862529,853441,1715970
7/24/16,U,370394,346616,717010
6/3/16,W,892290,824890,1717180
7/6/16,W,771626,788995,1560621
5/4/16,W,879217,767760,1646977
5/1/16,U,376131,334275,710406
6/6/16,W,854036,762707,1616743
5/29/16,U,409978,430982,840960
5/7/16,A,512770,484312,997082
7/17/16,U,372190,409174,781364
5/22/16,U,393684,357897,751581
7/18/16,W,774239,768719,1542958
5/25/16,W,833427,754244,1587671
7/21/16,W,737845,753156,1491001
5/28/16,A,500775,532343,1033118
7/9/16,A,536269,515738,1052007
5/18/16,W,856701,757395,1614096
6/15/16,W,845450,786422,1631872
7/23/16,A,472199,457178,929377
7/20/16,W,788803,794496,1583299
6/29/16,W,774728,754918,1529646
7/27/16,W,789537,831925,1621462
6/21/16,W,834157,810149,1644306
6/14/16,W,834141,778823,1612964
5/16/16,W,836089,730287,1566376
6/26/16,U,380689,453679,834368
5/30/16,U,394914,389143,784057
7/12/16,W,782892,749136,1532028
7/11/16,W,769128,739158,1508286
7/25/16,W,757860,744827,1502687
7/1/16,W,798706,726939,1525645
6/8/16,W,866785,791667,1658452
5/19/16,W,855438,772464,1627902
5/10/16,W,827322,761469,1588791
5/23/16,W,839566,748976,1588542
6/17/16,W,832088,818467,1650555
6/4/16,A,504778,462308,967086
7/3/16,U,415172,376896,792068
6/2/16,W,873112,815928,1689040
6/28/16,W,771611,748753,1520364
5/3/16,W,879141,769834,1648975
7/28/16,W,745499,867964,1613463
7/31/16,U,400504,472314,872818
5/5/16,W,898541,818665,1717206
7/14/16,W,794813,775495,1570308
10/28/16,W,894311,918735,1813046
8/1/16,W,805970,779020,1584990
9/24/16,A,539037,529457,1068494
9/20/16,W,895184,826518,1721702
10/13/16,W,896918,828891,1725809
10/7/16,W,888731,877814,1766545
10/11/16,W,884539,805839,1690378
10/24/16,W,869861,779618,1649479
10/20/16,W,880209,812195,1692404
10/26/16,W,824006,782126,1606132
9/13/16,W,904869,811807,1716676
9/28/16,W,855499,787727,1643226
9/29/16,W,870533,799130,1669663
9/6/16,W,910863,760434,1671297
10/6/16,W,858960,817595,1676555
10/12/16,W,847394,785404,1632798
10/5/16,W,915987,815309,1731296
8/24/16,W,751955,721826,1473781
8/4/16,W,783253,755236,1538489
9/8/16,W,882599,797585,1680184
10/18/16,W,901884,810090,1711974
8/19/16,W,743211,718317,1461528
8/31/16,W,815110,779334,1594444
8/10/16,W,777389,765854,1543243
10/17/16,W,890736,791317,1682053
8/16/16,W,762943,764267,1527210
8/15/16,W,718167,688590,1406757
8/28/16,U,395954,343853,739807
8/6/16,A,539382,467180,1006562
9/5/16,U,399846,347259,747105
10/27/16,W,892963,822190,1715153
8/9/16,W,781438,769199,1550637
10/23/16,U,388470,366503,754973
8/17/16,W,759254,747942,1507196
8/26/16,W,797432,768053,1565485
10/29/16,A,539098,627116,1166214
9/25/16,U,394810,380403,775213
8/5/16,W,779186,747672,1526858
9/2/16,W,838151,777158,1615309
10/9/16,U,368515,528189,896704
10/16/16,U,385574,403090,788664
8/27/16,A,501883,451497,953380
9/10/16,A,510845,465562,976407
10/25/16,W,876768,801123,1677891
9/4/16,U,427194,421479,848673
8/18/16,W,740297,743427,1483724
10/3/16,W,912435,775906,1688341
8/12/16,W,700723,715035,1415758
10/10/16,W,714940,708958,1423898
9/21/16,W,863211,814264,1677475
9/22/16,W,897609,814897,1712506
8/8/16,W,759970,707087,1467057
10/15/16,A,542187,535567,1077754
10/1/16,A,511504,445272,956776
9/30/16,W,889641,787112,1676753
10/21/16,W,867704,800137,1667841
9/15/16,W,907872,862105,1769977
8/13/16,A,522972,488035,1011007
10/31/16,W,860741,797545,1658286
9/17/16,A,537329,524421,1061750
9/26/16,W,884989,787408,1672397
10/4/16,W,919088,799529,1718617
8/20/16,A,480928,445798,926726
9/1/16,W,847144,784336,1631480
8/14/16,U,402523,380801,783324
10/30/16,U,377290,446582,823872
9/27/16,W,889769,795780,1685549
10/14/16,W,892797,818230,1711027
8/29/16,W,781400,750329,1531729
9/19/16,W,894210,816014,1710224
9/7/16,W,885587,785121,1670708
9/3/16,A,542836,509314,1052150
9/16/16,W,889307,843488,1732795
10/8/16,A,537610,546072,1083682
9/9/16,W,879935,784678,1664613
8/22/16,W,764690,744165,1508855
9/18/16,U,401077,402811,803888
8/11/16,W,767967,775031,1542998
8/30/16,W,791868,767220,1559088
8/7/16,U,398288,355693,753981
10/22/16,A,533242,566999,1100241
9/12/16,W,886146,784139,1670285
9/23/16,W,880748,832417,1713165
10/19/16,W,895104,807016,1702120
8/21/16,U,417057,396317,813374
8/25/16,W,775862,737801,1513663
8/23/16,W,784341,744176,1528517
9/14/16,W,898125,812240,1710365
9/11/16,U,397693,354732,752425
8/3/16,W,822281,785246,1607527
8/2/16,W,795778,779493,1575271
10/2/16,U,391845,351589,743434
11/6/16,U,406215,380648,786863
11/9/16,W,865500,817596,1683096
11/8/16,W,880506,791870,1672376
11/14/16,W,862939,775439,1638378
11/23/16,W,661576,624827,1286403
11/4/16,W,798901,1146516,1945417
11/13/16,U,369986,338339,708325
11/21/16,W,844666,758214,1602880
11/22/16,W,837828,756704,1594532
11/7/16,W,887002,809878,1696880
11/19/16,A,477472,501156,978628
11/27/16,U,343504,302029,645533
11/17/16,W,873693,811240,1684933
11/24/16,U,266241,219875,486116
11/30/16,W,852623,768149,1620772
11/12/16,A,500583,474411,974994
11/29/16,W,871577,771348,1642925
11/1/16,W,931276,815318,1746594
11/5/16,A,536579,531687,1068266
11/25/16,W,496285,411245,907530
11/10/16,W,842332,807250,1649582
11/3/16,W,919828,891357,1811185
11/28/16,W,801243,720824,1522067
11/20/16,U,345895,315179,661074
11/11/16,W,715260,721083,1436343
11/15/16,W,881225,797235,1678460
11/18/16,W,819907,792361,1612268
11/2/16,W,866812,842885,1709697
11/26/16,A,441384,383042,824426
11/16/16,W,884662,801320,1685982
12/2/16,W,882063,780569,1662632
12/4/16,U,333825,312904,646729
12/3/16,A,517756,456762,974518
12/19/16,W,650356,607020,1257376
12/29/16,W,593626,532909,1126535
12/28/16,W,611176,537443,1148619
12/16/16,W,744691,690845,1435536
12/1/16,W,885401,779287,1664688
12/9/16,W,806718,730968,1537686
12/27/16,W,575294,490822,1066116
12/5/16,W,841336,735184,1576520
12/11/16,U,309743,291688,601431
12/21/16,W,770713,665402,1436115
12/13/16,W,785276,714038,1499314
12/22/16,W,747188,635174,1382362
12/6/16,W,859470,745095,1604565
12/12/16,W,787062,702745,1489807
12/25/16,U,199220,131542,330762
12/18/16,U,270767,253184,523951
12/23/16,W,676407,516584,1192991
12/24/16,A,391140,253926,645066
12/30/16,W,628159,524474,1152633
12/20/16,W,758686,668762,1427448
12/10/16,A,472855,424387,897242
12/17/16,A,445779,394366,840145
12/15/16,W,617119,624213,1241332
12/26/16,U,380189,292312,672501
12/14/16,W,734884,688959,1423843
12/8/16,W,790418,724726,1515144
12/7/16,W,831766,745626,1577392
12/31/16,A,433952,361268,795220
3/7/17,W,862784,751315,1614099
3/18/17,A,473609,404779,878388
1/3/17,W,690503,650650,1341153
3/28/17,W,846658,748201,1594859
1/8/17,U,290096,244060,534156
1/22/17,U,331138,272268,603406
3/12/17,U,336952,292240,629192
3/10/17,W,816750,730837,1547587
2/20/17,W,623736,557822,1181558
3/8/17,W,858498,751336,1609834
1/30/17,W,806014,715290,1521304
1/1/17,U,277926,292472,570398
3/20/17,W,802404,690624,1493028
1/15/17,U,328355,280852,609207
1/13/17,W,771359,698254,1469613
1/25/17,W,831467,743587,1575054
2/4/17,A,461743,370873,832616
1/20/17,W,798511,731616,1530127
3/13/17,W,761376,703982,1465358
2/27/17,W,837214,720932,1558146
3/19/17,U,371042,304418,675460
3/4/17,A,487500,401568,889068
2/3/17,W,782899,690415,1473314
3/14/17,W,712423,727042,1439465
3/24/17,W,821828,715787,1537615
3/17/17,W,804320,732007,1536327
3/6/17,W,823084,703811,1526895
2/12/17,U,358101,296805,654906
1/4/17,W,636491,639970,1276461
1/14/17,A,429614,363554,793168
3/29/17,W,837430,745915,1583345
1/11/17,W,803730,714551,1518281
1/17/17,W,829925,737976,1567901
1/21/17,A,488902,582031,1070933
1/18/17,W,835362,742180,1577542
2/1/17,W,883845,750500,1634345
1/10/17,W,773792,711194,1484986
2/14/17,W,870130,752585,1622715
1/29/17,U,304565,274728,579293
3/25/17,A,414644,356083,770727
2/18/17,A,512205,447059,959264
3/11/17,A,459826,493451,953277
3/23/17,W,802941,708026,1510967
3/15/17,W,822423,748703,1571126
2/10/17,W,832724,720483,1553207
3/22/17,W,816876,706282,1523158
2/21/17,W,848951,741773,1590724
3/16/17,W,827779,758060,1585839
2/5/17,U,351708,282731,634439
3/9/17,W,841498,748709,1590207
1/19/17,W,823901,743065,1566966
2/25/17,A,449817,374595,824412
2/28/17,W,823654,730508,1554162
1/6/17,W,591800,600277,1192077
2/17/17,W,841425,738941,1580366
1/31/17,W,828074,741389,1569463
1/5/17,W,611987,629939,1241926
2/24/17,W,820536,723532,1544068
1/9/17,W,781139,692776,1473915
2/16/17,W,831398,738525,1569923
3/21/17,W,835641,718304,1553945
3/26/17,U,340733,292995,633728
2/8/17,W,841278,737535,1578813
2/2/17,W,829125,736551,1565676
2/23/17,W,850254,751257,1601511
1/23/17,W,817750,724078,1541828
2/13/17,W,822007,702129,1524136
2/15/17,W,841181,735910,1577091
1/2/17,U,371865,314798,686663
1/7/17,A,362508,319746,682254
2/7/17,W,827885,734586,1562471
2/26/17,U,350829,287405,638234
2/11/17,A,497589,405211,902800
3/30/17,W,756598,718864,1475462
3/2/17,W,842926,741459,1584385
3/1/17,W,863043,742729,1605772
2/6/17,W,838312,713858,1552170
1/16/17,W,486791,435039,921830
1/28/17,A,439479,382131,821610
2/19/17,U,383581,328391,711972
3/27/17,W,825472,724012,1549484
3/3/17,W,851128,729461,1580589
3/5/17,U,364977,298189,663166
1/12/17,W,777149,714212,1491361
3/31/17,W,839312,737168,1576480
2/22/17,W,873309,758299,1631608
1/27/17,W,792183,715515,1507698
1/26/17,W,823395,750472,1573867
1/24/17,W,834979,742724,1577703
2/9/17,W,815353,726872,1542225
4/4/17,W,873844,763221,1637065
5/18/17,W,824327,775776,1600103
4/20/17,W,797055,758119,1555174
4/8/17,A,508239,452426,960665
5/2/17,W,846717,762139,1608856
5/16/17,W,843103,768941,1612044
4/17/17,W,809433,738426,1547859
4/3/17,W,840610,743301,1583911
4/27/17,W,807318,748983,1556301
5/10/17,W,821006,736258,1557264
4/7/17,W,765361,741568,1506929
5/8/17,W,829268,722987,1552255
5/4/17,W,836436,770199,1606635
5/31/17,W,827890,745189,1573079
5/1/17,W,847371,747837,1595208
5/3/17,W,890581,778089,1668670
4/15/17,A,506929,453975,960904
5/22/17,W,817334,744257,1561591
4/2/17,U,357643,319046,676689
5/23/17,W,799986,753184,1553170
4/29/17,A,405068,364346,769414
5/29/17,U,375171,336441,711612
4/11/17,W,736309,720080,1456389
5/17/17,W,835226,763055,1598281
5/27/17,A,492255,462129,954384
5/5/17,W,840819,771492,1612311
4/19/17,W,811178,757251,1568429
5/12/17,W,824305,745485,1569790
5/14/17,U,364734,313469,678203
5/15/17,W,805190,709882,1515072
4/10/17,W,695555,708408,1403963
4/23/17,U,373492,330832,704324
5/26/17,W,779960,691687,1471647
5/19/17,W,768158,726694,1494852
5/9/17,W,827183,738712,1565895
4/16/17,U,339738,293545,633283
4/18/17,W,848195,772115,1620310
5/13/17,A,504045,427964,932009
4/9/17,U,388435,336277,724712
4/12/17,W,754940,757854,1512794
5/20/17,A,441093,396705,837798
4/6/17,W,822266,771468,1593734
4/1/17,A,517493,433603,951096
4/14/17,W,692506,676016,1368522
4/13/17,W,723724,745720,1469444
5/21/17,U,366609,350024,716633
5/24/17,W,820511,762453,1582964
4/22/17,A,493687,467485,961172
5/25/17,W,829938,776776,1606714
4/5/17,W,755345,732462,1487807
5/28/17,U,366179,344784,710963
5/7/17,U,370985,334930,705915
5/6/17,A,502922,460695,963617
4/21/17,W,819393,753932,1573325
4/30/17,U,307608,269345,576953
4/25/17,W,860569,761180,1621749
4/26/17,W,838762,757859,1596621
5/30/17,W,802596,722529,1525125
5/11/17,W,832163,755558,1587721
4/24/17,W,830257,736639,1566896
4/28/17,W,830500,740579,1571079
6/4/17,U,400326,384010,784336
6/26/17,W,738507,722154,1460661
6/3/17,A,523471,495282,1018753
7/11/17,W,771348,735051,1506399
7/24/17,W,744976,765597,1510573
7/23/17,U,380247,372309,752556
6/25/17,U,390267,513970,904237
6/6/17,W,845564,787009,1632573
6/18/17,U,390193,338474,728667
6/9/17,W,833135,822483,1655618
6/7/17,W,846730,793617,1640347
7/28/17,W,754679,738168,1492847
6/27/17,W,763875,751340,1515215
7/5/17,W,746019,733914,1479933
7/17/17,W,754669,741094,1495763
6/28/17,W,722682,733693,1456375
6/29/17,W,747180,778070,1525250
6/20/17,W,801344,781004,1582348
6/23/17,W,729483,747333,1476816
7/14/17,W,748691,762728,1511419
7/30/17,U,385002,349892,734894
6/14/17,W,786388,742346,1528734
6/1/17,W,860327,771134,1631461
7/27/17,W,770692,770016,1540708
6/22/17,W,733128,745336,1478464
7/25/17,W,765040,772350,1537390
7/7/17,W,749664,780389,1530053
6/12/17,W,808630,753763,1562393
7/18/17,W,776582,754149,1530731
6/16/17,W,785270,739069,1524339
6/19/17,W,755955,739609,1495564
7/6/17,W,755516,784948,1540464
6/11/17,U,406991,440096,847087
7/15/17,A,511540,495618,1007158
6/15/17,W,830091,777758,1607849
7/4/17,U,407991,389791,797782
6/5/17,W,838839,768461,1607300
6/10/17,A,525084,558726,1083810
7/21/17,W,733117,762529,1495646
6/21/17,W,758596,776244,1534840
7/16/17,U,371692,374578,746270
7/8/17,A,517165,518674,1035839
7/29/17,A,496951,462430,959381
7/12/17,W,694204,702581,1396785
7/10/17,W,719494,695215,1414709
6/8/17,W,821372,805398,1626770
7/26/17,W,769890,755604,1525494
7/31/17,W,732690,707434,1440124
6/2/17,W,861203,796256,1657459
7/19/17,W,769368,750889,1520257
6/17/17,A,486358,419764,906122
7/22/17,A,485978,471542,957520
6/13/17,W,817478,764155,1581633
7/1/17,A,514092,488429,1002521
7/13/17,W,773047,751562,1524609
6/30/17,W,763402,760380,1523782
6/24/17,A,504647,482168,986815
7/2/17,U,398108,364979,763087
7/3/17,W,669915,543712,1213627
7/20/17,W,716096,726632,1442728
7/9/17,U,400539,402561,803100
9/19/17,W,861844,786075,1647919
9/6/17,W,854979,785896,1640875
10/23/17,W,802893,750619,1553512
10/16/17,W,867372,776457,1643829
8/24/17,W,749315,748046,1497361
10/9/17,W,712539,752125,1464664
8/4/17,W,732776,827248,1560024
9/4/17,U,375104,326524,701628
9/9/17,A,511569,488232,999801
8/21/17,W,707640,675484,1383124
8/5/17,A,503623,546783,1050406
9/12/17,W,883298,813900,1697198
9/15/17,W,871656,838001,1709657
9/11/17,W,861907,767744,1629651
9/18/17,W,866120,772443,1638563
8/8/17,W,761850,735234,1497084
8/29/17,W,783337,763274,1546611
8/30/17,W,801205,779477,1580682
8/27/17,U,358840,336109,694949
10/7/17,A,484231,469808,954039
10/17/17,W,882601,819635,1702236
10/22/17,U,344543,320608,665151
10/8/17,U,374005,539097,913102
10/25/17,W,876000,794572,1670572
8/12/17,A,505271,477767,983038
10/29/17,U,355321,320982,676303
10/13/17,W,879791,796714,1676505
8/23/17,W,763384,719511,1482895
9/14/17,W,874356,838725,1713081
10/27/17,W,833348,769792,1603140
10/6/17,W,841999,805746,1647745
10/4/17,W,889343,798360,1687703
9/29/17,W,898739,811721,1710460
8/6/17,U,376669,430711,807380
10/20/17,W,862656,796878,1659534
9/2/17,A,512150,481961,994111
8/10/17,W,747519,745430,1492949
9/22/17,W,854042,781053,1635095
8/26/17,A,487453,446049,933502
8/17/17,W,722939,751673,1474612
8/1/17,W,789859,773470,1563329
8/2/17,W,771256,811636,1582892
10/19/17,W,876423,848003,1724426
9/25/17,W,861042,767660,1628702
10/2/17,W,877992,767540,1645532
10/31/17,W,843988,758455,1602443
8/14/17,W,722238,716772,1439010
10/24/17,W,812947,769526,1582473
10/30/17,W,837676,753860,1591536
10/12/17,W,870996,810442,1681438
10/14/17,A,376288,368266,744554
8/3/17,W,763271,834427,1597698
9/24/17,U,378420,351102,729522
9/5/17,W,893214,763159,1656373
10/10/17,W,874192,822023,1696215
9/23/17,A,499368,464903,964271
8/15/17,W,774523,700422,1474945
8/22/17,W,741370,697126,1438496
10/28/17,A,472503,422323,894826
8/20/17,U,395932,381042,776974
10/26/17,W,872176,805362,1677538
8/11/17,W,746418,756699,1503117
9/20/17,W,887017,795055,1682072
8/16/17,W,739357,734845,1474202
8/18/17,W,741688,751342,1493030
8/31/17,W,791635,785637,1577272
10/5/17,W,889166,816694,1705860
8/9/17,W,759657,732813,1492470
9/30/17,A,524516,482974,1007490
10/1/17,U,389470,361156,750626
8/7/17,W,733495,704247,1437742
9/3/17,U,417707,410951,828658
9/26/17,W,877350,791462,1668812
9/7/17,W,867162,801972,1669134
10/18/17,W,888806,831089,1719895
8/19/17,A,510200,488523,998723
9/27/17,W,882592,796822,1679414
9/21/17,W,859255,788217,1647472
9/17/17,U,386719,379480,766199
10/21/17,A,520339,481334,1001673
8/13/17,U,384338,351048,735386
10/15/17,U,362392,335609,698001
9/10/17,U,383625,375160,758785
9/16/17,A,517447,521275,1038722
8/25/17,W,749192,741123,1490315
9/13/17,W,876445,813293,1689738
10/3/17,W,921022,794082,1715104
8/28/17,W,761796,740387,1502183
9/8/17,W,849319,809597,1658916
9/28/17,W,881438,809624,1691062
10/11/17,W,850229,817909,1668138
11/2/17,W,864434,794788,1659222
11/17/17,W,836442,779012,1615454
11/12/17,U,341066,303087,644153
11/29/17,W,850702,761131,1611833
11/15/17,W,826138,770507,1596645
11/4/17,A,450968,393884,844852
11/8/17,W,875619,796870,1672489
11/14/17,W,862352,781533,1643885
11/19/17,U,359562,330196,689758
11/25/17,A,425522,369396,794918
11/24/17,W,503847,415069,918916
11/21/17,W,825182,745801,1570983
11/28/17,W,847910,753208,1601118
11/10/17,W,741017,721331,1462348
11/5/17,U,359176,312232,671408
11/1/17,W,881053,780670,1661723
11/22/17,W,677643,620904,1298547
11/3/17,W,815500,755771,1571271
11/18/17,A,426814,429256,856070
11/30/17,W,850783,772769,1623552
11/13/17,W,846572,758107,1604679
11/6/17,W,866671,772803,1639474
11/27/17,W,839274,726945,1566219
11/20/17,W,840370,747181,1587551
11/16/17,W,831869,773696,1605565
11/9/17,W,860819,800535,1661354
11/7/17,W,871211,785554,1656765
11/26/17,U,336930,290753,627683
11/23/17,U,263654,208426,472080
11/11/17,A,461927,427100,889027
12/9/17,A,439827,405822,845649
12/7/17,W,794129,741934,1536063
12/26/17,W,398823,327742,726565
12/29/17,W,552051,466865,1018916
12/20/17,W,798144,683898,1482042
12/13/17,W,800995,715178,1516173
12/31/17,U,274143,235949,510092
12/3/17,U,378519,338558,717077
12/10/17,U,336156,295505,631661
12/5/17,W,822703,737397,1560100
12/17/17,U,351260,296372,647632
12/6/17,W,829498,742215,1571713
12/16/17,A,484468,419897,904365
12/8/17,W,805911,739840,1545751
12/21/17,W,769444,659956,1429400
12/4/17,W,855387,739950,1595337
12/19/17,W,812618,697684,1510302
12/24/17,U,275937,205801,481738
12/30/17,A,335207,276381,611588
12/27/17,W,466856,416016,882872
12/2/17,A,511676,461699,973375
12/15/17,W,780679,700482,1481161
12/25/17,U,164256,118654,282910
12/22/17,W,727262,586190,1313452
12/11/17,W,807879,706163,1514042
12/14/17,W,790977,722667,1513644
12/18/17,W,784151,675289,1459440
12/12/17,W,783312,709949,1493261
12/1/17,W,890982,785058,1676040
12/28/17,W,509850,456611,966461
12/23/17,A,438917,324065,762982
3/1/18,W,807973,724095,1532068
2/4/18,U,279353,232906,512259
3/19/18,W,807848,709194,1517042
3/31/18,A,428294,349132,777426
1/1/18,U,199845,195520,395365
3/20/18,W,808168,710058,1518226
3/11/18,U,339755,286948,626703
2/20/18,W,786356,718493,1504849
2/21/18,W,831241,740388,1571629
1/2/18,W,507648,514174,1021822
1/10/18,W,783008,695123,1478131
3/8/18,W,813217,734447,1547664
2/3/18,A,435554,344309,779863
1/9/18,W,780104,684704,1464808
1/31/18,W,815252,729419,1544671
3/13/18,W,808848,731938,1540786
1/3/18,W,598578,587740,1186318
1/17/18,W,787021,713680,1500701
2/6/18,W,783522,708071,1491593
2/13/18,W,832686,743502,1576188
3/16/18,W,808945,738857,1547802
3/10/18,A,471143,394014,865157
1/19/18,W,784287,701290,1485577
3/28/18,W,719691,695373,1415064
2/8/18,W,782384,727764,1510148
1/20/18,A,438286,449322,887608
3/18/18,U,361391,320742,682133
1/6/18,A,372807,292077,664884
1/22/18,W,781955,711848,1493803
2/14/18,W,846174,756475,1602649
3/29/18,W,692129,686014,1378143
3/24/18,A,424609,389468,814077
3/27/18,W,688138,684664,1372802
3/12/18,W,798061,715220,1513281
3/7/18,W,829608,731992,1561600
2/11/18,U,294675,260148,554823
2/24/18,A,461537,387230,848767
3/2/18,W,838965,719445,1558410
3/30/18,W,672341,608535,1280876
3/17/18,A,471682,607823,1079505
2/27/18,W,846696,743269,1589965
1/14/18,U,291206,245376,536582
2/9/18,W,480347,490054,970401
2/26/18,W,825842,718649,1544491
2/17/18,A,438472,383764,822236
1/15/18,W,463868,419604,883472
2/28/18,W,837820,736868,1574688
3/9/18,W,806152,712092,1518244
1/12/18,W,730031,643915,1373946
1/27/18,A,455974,384419,840393
3/6/18,W,818087,723274,1541361
1/4/18,W,594414,591081,1185495
1/26/18,W,806770,722671,1529441
2/25/18,U,347690,292093,639783
2/15/18,W,819948,746521,1566469
1/13/18,A,392644,323263,715907
3/5/18,W,793241,686228,1479469
3/4/18,U,360783,288394,649177
2/22/18,W,833819,743449,1577268
2/12/18,W,771383,692183,1463566
3/22/18,W,807829,722634,1530463
1/25/18,W,813348,743858,1557206
1/11/18,W,774197,695496,1469693
3/15/18,W,829652,754110,1583762
2/19/18,W,569983,523621,1093604
1/24/18,W,808026,732420,1540446
3/26/18,W,685230,660176,1345406
3/14/18,W,834401,747391,1581792
2/23/18,W,820477,720769,1541246
3/3/18,A,489631,400158,889789
1/8/18,W,755777,664263,1420040
3/21/18,W,815911,715243,1531154
1/7/18,U,284438,226604,511042
1/16/18,W,779194,710906,1490100
2/10/18,A,399759,351548,751307
3/23/18,W,789868,699928,1489796
1/28/18,U,320779,268995,589774
2/16/18,W,803410,725091,1528501
1/30/18,W,801986,723334,1525320
2/1/18,W,824632,724399,1549031
2/2/18,W,706351,657689,1364040
2/5/18,W,734272,675368,1409640
2/7/18,W,790600,714000,1504600
1/18/18,W,788150,720369,1508519
1/23/18,W,795146,733662,1528808
1/5/18,W,597163,572525,1169688
1/21/18,U,316648,259818,576466
2/18/18,U,345438,299983,645421
3/25/18,U,331496,306710,638206
1/29/18,W,774310,699889,1474199
4/24/18,W,826998,743776,1570774
6/22/18,W,669210,689577,1358787
6/30/18,A,473766,468103,941869
4/26/18,W,837802,777534,1615336
4/9/18,W,773663,708735,1482398
6/10/18,U,332042,339387,671429
5/11/18,W,788585,744337,1532922
5/26/18,A,474011,472471,946482
4/27/18,W,812960,752386,1565346
4/19/18,W,774579,749646,1524225
5/30/18,W,793348,716886,1510234
4/13/18,W,729175,716600,1445775
5/2/18,W,834718,752143,1586861
5/6/18,U,359516,315030,674546
6/17/18,U,351730,324959,676689
5/22/18,W,819740,762899,1582639
6/20/18,W,741682,763084,1504766
4/14/18,A,417189,374923,792112
4/2/18,W,782016,688114,1470130
6/2/18,A,496149,437154,933303
6/29/18,W,748648,755938,1504586
5/18/18,W,784606,717590,1502196
6/11/18,W,781557,724255,1505812
4/10/18,W,798350,748682,1547032
4/22/18,U,348195,294515,642710
4/1/18,U,305848,238356,544204
5/9/18,W,803570,756378,1559948
5/21/18,W,709633,669968,1379601
5/10/18,W,838748,762718,1601466
5/12/18,A,440554,392468,833022
5/28/18,U,364119,325534,689653
4/8/18,U,335409,283411,618820
4/29/18,U,354456,327855,682311
6/15/18,W,775628,735211,1510839
4/15/18,U,300857,258277,559134
5/8/18,W,841014,781451,1622465
5/31/18,W,819988,753062,1573050
6/21/18,W,628563,683599,1312162
6/26/18,W,714896,717661,1432557
4/25/18,W,838143,748866,1587009
5/29/18,W,797433,716137,1513570
5/19/18,A,461266,408091,869357
6/16/18,A,472932,441274,914206
6/18/18,W,742447,722983,1465430
6/23/18,A,487366,452638,940004
4/23/18,W,810268,712596,1522864
4/17/18,W,830925,759128,1590053
5/5/18,A,506199,443358,949557
5/4/18,W,830802,736342,1567144
6/14/18,W,795923,754502,1550425
6/13/18,W,783799,759987,1543786
6/6/18,W,820198,778486,1598684
6/7/18,W,821694,798516,1620210
4/4/18,W,823619,738079,1561698
6/12/18,W,807427,750111,1557538
6/8/18,W,779201,766692,1545893
4/16/18,W,773294,704714,1478008
4/12/18,W,836193,775422,1611615
4/6/18,W,792532,721169,1513701
5/15/18,W,809607,728488,1538095
4/5/18,W,817204,753661,1570865
6/24/18,U,382787,515034,897821
4/21/18,A,455577,392721,848298
6/4/18,W,820746,726476,1547222
6/28/18,W,751395,758891,1510286
5/7/18,W,821267,742969,1564236
4/3/18,W,816056,720417,1536473
6/3/18,U,383320,342776,726096
5/24/18,W,813320,757935,1571255
5/16/18,W,824209,733303,1557512
5/27/18,U,382202,375810,758012
5/14/18,W,742924,686671,1429595
5/1/18,W,876677,777780,1654457
5/17/18,W,807735,743467,1551202
4/18/18,W,783296,728207,1511503
6/1/18,W,851045,773824,1624869
4/30/18,W,817980,746550,1564530
5/20/18,U,321817,288853,610670
5/23/18,W,827983,774273,1602256
4/7/18,A,466492,404650,871142
6/25/18,W,730834,709948,1440782
5/25/18,W,797393,730669,1528062
6/27/18,W,734332,744015,1478347
6/5/18,W,826465,778366,1604831
5/3/18,W,840135,744199,1584334
4/11/18,W,849255,770269,1619524
4/28/18,A,480130,426851,906981
6/9/18,A,464236,475218,939454
6/19/18,W,779092,768531,1547623
5/13/18,U,335726,306051,641777
4/20/18,W,812450,735681,1548131
7/1/18,U,353385,329670,683055
7/2/18,W,734869,678249,1413118
7/3/18,W,771705,716848,1488553
7/4/18,U,384885,366963,751848
7/5/18,W,652746,615715,1268461
7/6/18,W,720068,699130,1419198
7/7/18,A,485369,439367,924736
7/8/18,U,376335,346489,722824
7/9/18,W,742452,704612,1447064
7/10/18,W,766160,742163,1508323
7/11/18,W,772083,765257,1537340
7/12/18,W,755211,766466,1521677
7/13/18,W,753196,784018,1537214
7/14/18,A,471688,455259,926947
7/15/18,U,380142,378006,758148
7/16/18,W,731999,700335,1432334
7/17/18,W,768143,739651,1507794
7/18/18,W,770336,745511,1515847
7/19/18,W,765291,780813,1546104
7/20/18,W,721413,762815,1484228
7/21/18,A,469280,483657,952937
7/22/18,U,339813,357484,697297
7/23/18,W,742296,746950,1489246
7/24/18,W,766503,775343,1541846
7/25/18,W,763505,768014,1531519
7/26/18,W,758033,781151,1539184
7/27/18,W,729506,741794,1471300
7/28/18,A,484064,453186,937250
7/29/18,U,374591,354824,729415
7/30/18,W,718899,721661,1440560
7/31/18,W,733107,729861,1462968
8/1/18,W,778530,757280,1535810
8/2/18,W,743458,861954,1605412
8/3/18,W,765341,831628,1596969
8/4/18,A,480664,521622,1002286
8/5/18,U,368543,423810,792353
8/6/18,W,688147,687412,1375559
8/7/18,W,710000,702495,1412495
8/8/18,W,737497,726837,1464334
8/9/18,W,725134,727089,1452223
8/10/18,W,728844,757214,1486058
8/11/18,A,498035,485775,983810
8/12/18,U,372421,371962,744383
8/13/18,W,705028,681926,1386954
8/14/18,W,722447,739143,1461590
8/15/18,W,710743,720004,1430747
8/16/18,W,720279,712077,1432356
8/17/18,W,702584,697625,1400209
8/18/18,A,493509,469340,962849
8/19/18,U,380140,357318,737458
8/20/18,W,668029,672736,1340765
8/21/18,W,714668,705759,1420427
8/22/18,W,747818,711067,1458885
8/23/18,W,751380,748147,1499527
8/24/18,W,692290,698828,1391118
8/25/18,A,472537,437488,910025
8/26/18,U,358918,344736,703654
8/27/18,W,751100,740835,1491935
8/28/18,W,751236,764285,1515521
8/29/18,W,752668,767691,1520359
8/30/18,W,776906,780357,1557263
8/31/18,W,773345,726643,1499988
9/1/18,A,457556,415563,873119
9/2/18,U,393446,368715,762161
9/3/18,U,330488,293772,624260
9/4/18,W,864262,756397,1620659
9/5/18,W,854763,785143,1639906
9/6/18,W,819596,786139,1605735
9/7/18,W,814560,796057,1610617
9/8/18,A,486855,460892,947747
9/9/18,U,361946,329445,691391
9/10/18,W,844530,792245,1636775
9/11/18,W,861007,818737,1679744
9/12/18,W,865443,835997,1701440
9/13/18,W,851071,821484,1672555
9/14/18,W,841332,833730,1675062
9/15/18,A,498240,505429,1003669
9/16/18,U,375988,375547,751535
9/17/18,W,839178,794968,1634146
9/18/18,W,846003,796654,1642657
9/19/18,W,844257,786851,1631108
9/20/18,W,840571,812664,1653235
9/21/18,W,829287,806274,1635561
9/22/18,A,497023,464531,961554
9/23/18,U,373382,331323,704705
9/24/18,W,829917,806181,1636098
9/25/18,W,843206,813982,1657188
9/26/18,W,868419,838474,1706893
9/27/18,W,858664,847133,1705797
9/28/18,W,824823,816264,1641087
9/29/18,A,492591,500479,993070
9/30/18,U,365436,362732,728168
10/1/18,W,878697,808415,1687112
10/2/18,W,870588,824655,1695243
10/3/18,W,910415,829500,1739915
10/4/18,W,875646,845234,1720880
10/5/18,W,798129,781321,1579450
10/6/18,A,471199,466775,937974
10/7/18,U,325617,510071,835688
10/8/18,W,700116,719617,1419733
10/9/18,W,882871,813161,1696032
10/10/18,W,831398,794576,1625974
10/11/18,W,860410,817569,1677979
10/12/18,W,824598,776261,1600859
10/13/18,A,494592,466427,961019
10/14/18,U,362011,332403,694414
10/15/18,W,836275,778324,1614599
10/16/18,W,856815,802082,1658897
10/17/18,W,866716,807188,1673904
10/18/18,W,858568,814542,1673110
10/19/18,W,814805,774539,1589344
10/20/18,A,464296,439297,903593
10/21/18,U,353981,332004,685985
10/22/18,W,841090,769144,1610234
10/23/18,W,858222,793605,1651827
10/24/18,W,855770,795929,1651699
10/25/18,W,846179,802796,1648975
10/26/18,W,842904,777822,1620726
10/27/18,A,492859,435508,928367
10/28/18,U,334541,315184,649725
10/29/18,W,835732,766123,1601855
10/30/18,W,851167,785017,1636184
10/31/18,W,840619,776366,1616985
11/1/18,W,866316,798312,1664628
11/2/18,W,785859,754310,1540169
11/3/18,A,513626,428523,942149
11/4/18,U,322036,291311,613347
11/5/18,W,853379,770186,1623565
11/6/18,W,836999,764653,1601652
11/7/18,W,841086,783160,1624246
11/8/18,W,841232,797333,1638565
11/9/18,W,796310,751427,1547737
11/10/18,A,465852,385710,851562
11/11/18,U,344050,304712,648762
11/12/18,W,652992,652215,1305207
11/13/18,W,824479,769160,1593639
11/14/18,W,820013,766177,1586190
11/15/18,W,768946,764868,1533814
11/16/18,W,816628,783218,1599846
11/17/18,A,437661,453688,891349
11/18/18,U,339408,316014,655422
11/19/18,W,803920,740162,1544082
11/20/18,W,807383,741467,1548850
11/21/18,W,649866,605419,1255285
11/22/18,U,244365,196549,440914
11/23/18,W,473453,393241,866694
11/24/18,A,407870,347967,755837
11/25/18,U,285466,246992,532458
11/26/18,W,681371,647084,1328455
11/27/18,W,788682,742355,1531037
11/28/18,W,804497,749760,1554257
11/29/18,W,809744,764611,1574355
11/30/18,W,840494,760471,1600965
12/1/18,A,428105,359088,787193
12/2/18,U,339157,285153,624310
12/3/18,W,831431,731079,1562510
12/4/18,W,835143,745696,1580839
12/5/18,W,816399,736966,1553365
12/6/18,W,820745,757102,1577847
12/7/18,W,785144,731440,1516584
12/8/18,A,456911,399714,856625
12/9/18,U,346457,291673,638130
12/10/18,W,794682,706501,1501183
12/11/18,W,817284,731059,1548343
12/12/18,W,809305,727070,1536375
12/13/18,W,804783,738003,1542786
12/14/18,W,789944,724198,1514142
12/15/18,A,481485,425132,906617
12/16/18,U,353013,309297,662310
12/17/18,W,791252,668008,1459260
12/18/18,W,794636,701867,1496503
12/19/18,W,799278,700814,1500092
12/20/18,W,762587,682043,1444630
12/21/18,W,727571,633479,1361050
12/22/18,A,442692,339426,782118
12/23/18,U,330462,260130,590592
12/24/18,W,422369,279324,701693
12/25/18,U,188696,127994,316690
12/26/18,W,515030,411993,927023
12/27/18,W,509948,453029,962977
12/28/18,W,577497,493961,1071458
12/29/18,A,394088,307105,701193
12/30/18,U,314550,265310,579860
12/31/18,W,463165,386058,849223
1/1/19,U,248879,245852,494731
1/2/19,W,591006,573542,1164548
1/3/19,W,664442,627781,1292223
1/4/19,W,668812,628514,1297326
1/5/19,A,444434,348257,792691
1/6/19,U,318623,260556,579179
1/7/19,W,723023,662470,1385493
1/8/19,W,784085,701693,1485778
1/9/19,W,747949,685444,1433393
1/10/19,W,747850,690162,1438012
1/11/19,W,763718,679115,1442833
1/12/19,A,382464,325219,707683
1/13/19,U,301855,250222,552077
1/14/19,W,756590,705571,1462161
1/15/19,W,783113,720095,1503208
1/16/19,W,800537,728048,1528585
1/17/19,W,800348,734929,1535277
1/18/19,W,776640,700006,1476646
1/19/19,A,337080,312424,649504
1/20/19,U,271961,236744,508705
1/21/19,W,445534,401503,847037
1/22/19,W,757962,712125,1470087
1/23/19,W,764136,718899,1483035
1/24/19,W,745872,711300,1457172
1/25/19,W,568100,590674,1158774
1/26/19,A,343625,296063,639688
1/27/19,U,258884,221081,479965
1/28/19,W,668192,678810,1347002
1/29/19,W,581664,579917,1161581
1/30/19,W,124154,97917,222071
1/31/19,W,282336,243912,526248
2/1/19,W,683059,648091,1331150
2/2/19,A,435441,345650,781091
2/3/19,U,322488,250724,573212
2/4/19,W,808055,718764,1526819
2/5/19,W,808858,734181,1543039
2/6/19,W,799164,727769,1526933
2/7/19,W,789342,732351,1521693
2/8/19,W,710682,655823,1366505
2/9/19,A,423681,338847,762528
2/10/19,U,296809,251192,548001
2/11/19,W,779386,704667,1484053
2/12/19,W,741083,698387,1439470
2/13/19,W,795205,728764,1523969
2/14/19,W,824482,746611,1571093
2/15/19,W,754152,687932,1442084
2/16/19,A,438454,362613,801067
2/17/19,U,296482,256817,553299
2/18/19,W,555501,519409,1074910
2/19/19,W,812492,725195,1537687
2/20/19,W,779660,717172,1496832
2/21/19,W,813056,727504,1540560
2/22/19,W,798311,702988,1501299
2/23/19,A,406839,328179,735018
2/24/19,U,288368,240478,528846
2/25/19,W,762857,680844,1443701
2/26/19,W,773049,699462,1472511
2/27/19,W,797800,711827,1509627
2/28/19,W,783920,714700,1498620
3/1/19,W,812238,682969,1495207
3/2/19,A,454119,349392,803511
3/3/19,U,313539,252150,565689
3/4/19,W,699086,635353,1334439
3/5/19,W,761781,692945,1454726
3/6/19,W,790908,708876,1499784
3/7/19,W,790299,711428,1501727
3/8/19,W,781577,684186,1465763
3/9/19,A,409779,326686,736465
3/10/19,U,310427,250702,561129
3/11/19,W,784354,697758,1482112
3/12/19,W,816229,729476,1545705
3/13/19,W,785256,727150,1512406
3/14/19,W,777417,726502,1503919
3/15/19,W,769660,716230,1485890
3/16/19,A,468181,570703,1038884
3/17/19,U,337661,301294,638955
3/18/19,W,786322,711535,1497857
3/19/19,W,812217,727732,1539949
3/20/19,W,782960,712714,1495674
3/21/19,W,795501,719946,1515447
3/22/19,W,784281,695716,1479997
3/23/19,A,472376,386972,859348
3/24/19,U,312958,279989,592947
3/25/19,W,761448,666862,1428310
3/26/19,W,794453,688849,1483302
3/27/19,W,802407,693509,1495916
3/28/19,W,782670,692421,1475091
3/29/19,W,764086,667916,1432002
3/30/19,A,428233,346980,775213
3/31/19,U,324724,264228,588952
4/1/19,W,825150,707874,1533024
4/2/19,W,815370,727263,1542633
4/3/19,W,846418,744443,1590861
4/4/19,W,791393,735719,1527112
4/5/19,W,754962,710414,1465376
4/6/19,A,487323,414140,901463
4/7/19,U,331229,276992,608221
4/8/19,W,823032,754465,1577497
4/9/19,W,791556,747311,1538867
4/10/19,W,760548,731858,1492406
4/11/19,W,771911,746596,1518507
4/12/19,W,795077,731825,1526902
4/13/19,A,473087,417501,890588
4/14/19,U,240601,215007,455608
4/15/19,W,694149,679904,1374053
4/16/19,W,725056,709023,1434079
4/17/19,W,710771,699083,1409854
4/18/19,W,654819,675919,1330738
4/19/19,W,643329,619953,1263282
4/20/19,A,462233,372841,835074
4/21/19,U,330270,276935,607205
4/22/19,W,767623,692515,1460138
4/23/19,W,806358,747351,1553709
4/24/19,W,813407,759394,1572801
4/25/19,W,820219,770006,1590225
4/26/19,W,806103,731398,1537501
4/27/19,A,369056,319488,688544
4/28/19,U,338518,289270,627788
4/29/19,W,729815,673476,1403291
4/30/19,W,757497,707685,1465182
5/1/19,W,841583,729104,1570687
5/2/19,W,787163,728705,1515868
5/3/19,W,834369,750517,1584886
5/4/19,A,495436,437434,932870
5/5/19,U,402463,338727,741190
5/6/19,W,803622,724230,1527852
5/7/19,W,805130,738981,1544111
5/8/19,W,822516,755171,1577687
5/9/19,W,810976,751965,1562941
5/10/19,W,816268,749306,1565574
5/11/19,A,456362,407442,863804
5/12/19,U,336476,298999,635475
5/13/19,W,783657,704326,1487983
5/14/19,W,808863,722423,1531286
5/15/19,W,810290,724761,1535051
5/16/19,W,768250,714282,1482532
5/17/19,W,758399,691390,1449789
5/18/19,A,448115,388373,836488
5/19/19,U,332006,295929,627935
5/20/19,W,781061,721397,1502458
5/21/19,W,777647,723782,1501429
5/22/19,W,811376,756639,1568015
5/23/19,W,801697,766717,1568414
5/24/19,W,749827,681443,1431270
5/25/19,A,483109,426932,910041
5/26/19,U,349368,335435,684803
5/27/19,U,298987,256757,555744
5/28/19,W,769069,694292,1463361
5/29/19,W,791059,717681,1508740
5/30/19,W,792091,735508,1527599
5/31/19,W,817633,738322,1555955
6/1/19,A,473204,379044,852248
6/2/19,U,370049,319334,689383
6/3/19,W,814607,731571,1546178
6/4/19,W,797511,749759,1547270
6/5/19,W,817943,764911,1582854
6/6/19,W,819351,773638,1592989
6/7/19,W,797917,760907,1558824
6/8/19,A,517706,469189,986895
6/9/19,U,372952,329388,702340
6/10/19,W,787528,717811,1505339
6/11/19,W,812806,748133,1560939
6/12/19,W,768907,722333,1491240
6/13/19,W,784003,758006,1542009
6/14/19,W,786956,769162,1556118
6/15/19,A,447116,419997,867113
6/16/19,U,347416,319752,667168
6/17/19,W,739714,684609,1424323
6/18/19,W,783381,747919,1531300
6/19/19,W,762852,735207,1498059
6/20/19,W,754094,755009,1509103
6/21/19,W,741691,748258,1489949
6/22/19,A,485555,468890,954445
6/23/19,U,372216,314345,686561
6/24/19,W,713826,694599,1408425
6/25/19,W,790945,756023,1546968
6/26/19,W,778502,758880,1537382
6/27/19,W,763256,757999,1521255
6/28/19,W,742317,717591,1459908
6/29/19,A,507082,438017,945099
6/30/19,U,342891,473462,816353
7/1/19,W,751938,691817,1443755
7/2/19,W,732483,698347,1430830
7/3/19,W,761825,694945,1456770
7/4/19,U,386135,354474,740609
7/5/19,W,593204,492198,1085402
7/6/19,A,464539,390851,855390
7/7/19,U,365003,328344,693347
7/8/19,W,738529,696647,1435176
7/9/19,W,760765,733255,1494020
7/10/19,W,750223,735504,1485727
7/11/19,W,761712,767177,1528889
7/12/19,W,738700,777202,1515902
7/13/19,A,496000,471671,967671
7/14/19,U,386786,362994,749780
7/15/19,W,733408,723684,1457092
7/16/19,W,736299,746731,1483030
7/17/19,W,751727,751160,1502887
7/18/19,W,681127,699545,1380672
7/19/19,W,700392,721558,1421950
7/20/19,A,466646,419897,886543
7/21/19,U,360488,342739,703227
7/22/19,W,733191,716299,1449490
7/23/19,W,754783,731712,1486495
7/24/19,W,754694,737880,1492574
7/25/19,W,746240,746890,1493130
7/26/19,W,728460,713766,1442226
7/27/19,A,509542,417935,927477
7/28/19,U,399059,314226,713285
7/29/19,W,677033,663313,1340346
7/30/19,W,744356,721545,1465901
7/31/19,W,738630,739592,1478222
8/1/19,W,763703,795333,1559036
8/2/19,W,740366,804952,1545318
8/3/19,A,497883,512548,1010431
8/4/19,U,375863,416740,792603
8/5/19,W,727517,724021,1451538
8/6/19,W,737702,738151,1475853
8/7/19,W,745371,746207,1491578
8/8/19,W,746213,735310,1481523
8/9/19,W,720081,716084,1436165
8/10/19,A,490001,428555,918556
8/11/19,U,376464,321310,697774
8/12/19,W,672626,659442,1332068
8/13/19,W,715539,697693,1413232
8/14/19,W,708180,698339,1406519
8/15/19,W,723069,703513,1426582
8/16/19,W,699501,675393,1374894
8/17/19,A,456968,396155,853123
8/18/19,U,330848,289890,620738
8/19/19,W,697759,669727,1367486
8/20/19,W,670195,689224,1359419
8/21/19,W,732929,724089,1457018
8/22/19,W,739175,741995,1481170
8/23/19,W,720876,723775,1444651
8/24/19,A,499355,424284,923639
8/25/19,U,395847,327749,723596
8/26/19,W,693566,678343,1371909
8/27/19,W,776670,740341,1517011
8/28/19,W,772893,736506,1509399
8/29/19,W,769645,747141,1516786
8/30/19,W,761440,717490,1478930
8/31/19,A,482463,428658,911121
1/1/20,U,267300,255759,523059
1/2/20,W,651421,565139,1216560
1/3/20,W,688165,578202,1266367
1/4/20,A,409243,306656,715899
1/5/20,U,314424,234155,548579
1/6/20,W,750349,659521,1409870
1/7/20,W,775765,677497,1453262
1/8/20,W,744261,665227,1409488
1/9/20,W,758063,679244,1437307
1/10/20,W,753866,654344,1408210
1/11/20,A,345787,281493,627280
1/12/20,U,294457,237736,532193
1/13/20,W,775861,699927,1475788
1/14/20,W,807239,720277,1527516
1/15/20,W,794821,720057,1514878
1/16/20,W,774375,715978,1490353
1/17/20,W,737073,687789,1424862
1/18/20,A,371460,319878,691338
1/19/20,U,256029,219005,475034
1/20/20,W,477995,410324,888319
1/21/20,W,789718,712386,1502104
1/22/20,W,794213,715399,1509612
1/23/20,W,768601,717469,1486070
1/24/20,W,745526,677320,1422846
1/25/20,A,408051,320905,728956
1/26/20,U,318824,241153,559977
1/27/20,W,790014,697371,1487385
1/28/20,W,802484,715500,1517984
1/29/20,W,793740,711177,1504917
1/30/20,W,787640,718793,1506433
1/31/20,W,735622,665472,1401094
2/1/20,A,449112,325925,775037
2/2/20,U,352056,253149,605205
2/3/20,W,816538,689308,1505846
2/4/20,W,806946,710072,1517018
2/5/20,W,802795,707772,1510567
2/6/20,W,761859,701795,1463654
2/7/20,W,778480,676805,1455285
2/8/20,A,456540,325289,781829
2/9/20,U,310705,223411,534116
2/10/20,W,799851,694168,1494019
2/11/20,W,819275,717350,1536625
2/12/20,W,785838,697300,1483138
2/13/20,W,746798,689019,1435817
2/14/20,W,674960,628729,1303689
2/15/20,A,408435,326795,735230
2/16/20,U,338343,267790,606133
2/17/20,W,567523,502927,1070450
2/18/20,W,815098,711305,1526403
2/19/20,W,804097,707598,1511695
2/20/20,W,778698,700575,1479273
2/21/20,W,782853,675973,1458826
2/22/20,A,463771,344117,807888
2/23/20,U,357784,260505,618289
2/24/20,W,789498,682036,1471534
2/25/20,W,781725,693749,1475474
2/26/20,W,756936,682501,1439437
2/27/20,W,778992,698886,1477878
2/28/20,W,786008,665937,1451945
2/29/20,A,458601,337983,796584
3/1/20,U,357257,267438,624695
3/2/20,W,785700,666046,1451746
3/3/20,W,834640,701777,1536417
3/4/20,W,815420,699192,1514612
3/5/20,W,803260,698732,1501992
3/6/20,W,767084,655010,1422094
3/7/20,A,455672,366530,822202
3/8/20,U,343291,269577,612868
3/9/20,W,736013,647602,1383615
3/10/20,W,787025,678996,1466021
3/11/20,W,767610,660739,1428349
3/12/20,W,737628,601682,1339310
3/13/20,W,674594,496474,1171068
9/1/19,U,379610,357032,736642
9/2/19,U,374967,328376,703343
9/3/19,W,821674,738399,1560073
9/4/19,W,861286,762868,1624154
9/5/19,W,853186,800432,1653618
9/6/19,W,821645,744323,1565968
9/7/19,A,486423,420502,906925
9/8/19,U,344385,310823,655208
9/9/19,W,829266,737160,1566426
9/10/19,W,856513,769458,1625971
9/11/19,W,848169,777407,1625576
9/12/19,W,845028,795224,1640252
9/13/19,W,822197,800812,1623009
9/14/19,A,498571,487396,985967
9/15/19,U,353264,352467,705731
9/16/19,W,825739,777685,1603424
9/17/19,W,856186,797063,1653249
9/18/19,W,859904,807081,1666985
9/19/19,W,845624,816086,1661710
9/20/19,W,830757,803291,1634048
9/21/19,A,489155,440464,929619
9/22/19,U,338418,299658,638076
9/23/19,W,832762,766712,1599474
9/24/19,W,850825,780378,1631203
9/25/19,W,859089,781453,1640542
9/26/19,W,853333,791418,1644751
9/27/19,W,734962,699996,1434958
9/28/19,A,476234,401745,877979
9/29/19,U,358174,294350,652524
9/30/19,W,850333,738159,1588492
10/1/19,W,905477,772082,1677559
10/2/19,W,844694,765652,1610346
10/3/19,W,885919,781701,1667620
10/4/19,W,851906,740946,1592852
10/5/19,A,492689,388710,881399
10/6/19,U,403747,306647,710394
10/7/19,W,845146,748413,1593559
10/8/19,W,868009,773805,1641814
10/9/19,W,857532,766121,1623653
10/10/19,W,855556,803767,1659323
10/11/19,W,776609,762011,1538620
10/12/19,A,480048,470284,950332
10/13/19,U,319885,522816,842701
10/14/19,W,666607,698402,1365009
10/15/19,W,844826,788101,1632927
10/16/19,W,845543,782133,1627676
10/17/19,W,787285,790202,1577487
10/18/19,W,762811,778466,1541277
10/19/19,A,499700,467794,967494
10/20/19,U,377822,340156,717978
10/21/19,W,739027,727743,1466770
10/22/19,W,772142,750644,1522786
10/23/19,W,789783,791468,1581251
10/24/19,W,790853,766559,1557412
10/25/19,W,757907,729221,1487128
10/26/19,A,412819,356371,769190
10/27/19,U,390090,314740,704830
10/28/19,W,762580,729809,1492389
10/29/19,W,781400,752054,1533454
10/30/19,W,733054,721966,1455020
10/31/19,W,698934,693962,1392896
11/1/19,W,798542,719267,1517809
11/2/19,A,467877,381954,849831
11/3/19,U,356367,310621,666988
11/4/19,W,848867,749735,1598602
11/5/19,W,855055,769233,1624288
11/6/19,W,840399,762015,1602414
11/7/19,W,821063,768460,1589523
11/8/19,W,718820,702518,1421338
11/9/19,A,479816,386355,866171
11/10/19,U,353042,292170,645212
11/11/19,W,590714,604475,1195189
11/12/19,W,756604,724448,1481052
11/13/19,W,762247,729140,1491387
11/14/19,W,764328,745044,1509372
11/15/19,W,794430,732607,1527037
11/16/19,A,467987,398924,866911
11/17/19,U,340985,280372,621357
11/18/19,W,807951,731335,1539286
11/19/19,W,822152,755257,1577409
11/20/19,W,839934,756096,1596030
11/21/19,W,790016,752762,1542778
11/22/19,W,817445,782838,1600283
11/23/19,A,468337,443394,911731
11/24/19,U,358133,301849,659982
11/25/19,W,810928,721624,1532552
11/26/19,W,791651,707015,1498666
11/27/19,W,669245,576379,1245624
11/28/19,U,244233,186732,430965
11/29/19,W,480801,373012,853813
11/30/19,A,386439,302733,689172
12/1/19,U,315646,257317,572963
12/2/19,W,803894,702424,1506318
12/3/19,W,849440,732651,1582091
12/4/19,W,837738,739104,1576842
12/5/19,W,833516,761399,1594915
12/6/19,W,799551,729231,1528782
12/7/19,A,472207,404394,876601
12/8/19,U,347917,286023,633940
12/9/19,W,786431,690443,1476874
12/10/19,W,770888,697269,1468157
12/11/19,W,753922,692730,1446652
12/12/19,W,787393,716707,1504100
12/13/19,W,788504,704438,1492942
12/14/19,A,471203,367508,838711
12/15/19,U,348516,255659,604175
12/16/19,W,743694,648766,1392460
12/17/19,W,765207,678194,1443401
12/18/19,W,734493,658439,1392932
12/19/19,W,745959,664554,1410513
12/20/19,W,731997,640236,1372233
12/21/19,A,454167,356991,811158
12/22/19,U,350959,283094,634053
12/23/19,W,601685,501524,1103209
12/24/19,W,462098,310604,772702
12/25/19,U,200121,133009,333130
12/26/19,W,517911,402948,920859
12/27/19,W,552198,445835,998033
12/28/19,A,394869,298646,693515
12/29/19,U,315428,251105,566533
12/30/19,W,544713,480721,1025434
12/31/19,W,511289,431677,942966
3/14/20,A,347925,235841,583766
3/15/20,U,256591,166575,423166
3/16/20,W,493179,284844,778023
3/17/20,W,390091,217294,607385
3/18/20,W,320242,179316,499558
3/19/20,W,305501,163013,468514
3/20/20,W,303882,152797,456679
3/21/20,A,185406,86695,272101
3/22/20,U,113282,60490,173772
3/23/20,W,212121,103992,316113
3/24/20,W,220319,105312,325631
3/25/20,W,229414,106913,336327
3/26/20,W,211746,100860,312606
3/27/20,W,220715,102714,323429
3/28/20,A,144561,68572,213133
3/29/20,U,111188,57736,168924
3/30/20,W,208762,96996,305758
3/31/20,W,200537,94709,295246
4/1/20,W,235503,100042,335545
4/2/20,W,214222,95183,309405
4/3/20,W,240528,101015,341543
4/4/20,A,154302,65727,220029
4/5/20,U,118701,53173,171874
4/6/20,W,199323,89714,289037
4/7/20,W,202629,90824,293453
4/8/20,W,197789,88894,286683
4/9/20,W,189898,86725,276623
4/10/20,W,202934,85608,288542
4/11/20,A,161743,59808,221551
4/12/20,U,117907,46243,164150
4/13/20,W,199679,79074,278753
4/14/20,W,196277,79616,275893
4/15/20,W,199545,78844,278389
4/16/20,W,213862,79764,293626
4/17/20,W,205280,77935,283215
4/18/20,A,175887,58347,234234
4/19/20,U,135539,47512,183051
4/20/20,W,225938,79017,304955
4/21/20,W,219120,77886,297006
4/22/20,W,213080,77822,290902
4/23/20,W,214131,77918,292049
4/24/20,W,225498,78966,304464
4/25/20,A,156179,51764,207943
4/26/20,U,145023,47350,192373
4/27/20,W,230903,77830,308733
4/28/20,W,229831,79284,309115
4/29/20,W,205453,74942,280395
4/30/20,W,224948,79783,304731
5/1/20,W,272700,89139,361839
5/2/20,A,210617,59142,269759
5/3/20,U,155791,49160,204951
5/4/20,W,244960,79706,324666
5/5/20,W,224885,77485,302370
5/6/20,W,248434,82526,330960
5/7/20,W,247597,83941,331538
5/8/20,W,242402,82107,324509
5/9/20,A,206907,59372,266279
5/10/20,U,134047,43773,177820
5/11/20,W,236521,77650,314171
5/12/20,W,244938,81217,326155
5/13/20,W,259169,83529,342698
5/14/20,W,211894,76152,288046
5/15/20,W,261148,82454,343602
5/16/20,A,204433,60144,264577
5/17/20,U,119698,40451,160149
5/18/20,W,242568,80822,323390
5/19/20,W,228412,79752,308164
5/20/20,W,253916,85596,339512
5/21/20,W,244336,85164,329500
5/22/20,W,255894,86436,342330
5/23/20,A,198708,59164,257872
5/24/20,U,171095,53281,224376
5/25/20,U,170039,52921,222960
5/26/20,W,260758,84940,345698
5/27/20,W,258713,86518,345231
5/28/20,W,250675,86579,337254
5/29/20,W,265087,92565,357652
5/30/20,A,210004,69848,279852
5/31/20,U,86503,23544,110047
6/1/20,W,146931,27517,174448
6/2/20,W,154414,31544,185958
6/3/20,W,207502,68423,275925
6/4/20,W,236590,83605,320195
6/5/20,W,252137,90734,342871
6/6/20,A,184406,69622,254028
6/7/20,U,143697,53232,196929
6/8/20,W,263520,100516,364036
6/9/20,W,245154,98717,343871
6/10/20,W,258523,101685,360208
6/11/20,W,282597,110709,393306
6/12/20,W,276051,113656,389707
6/13/20,A,206386,81727,288113
6/14/20,U,165299,66384,231683
6/15/20,W,294517,111956,406473
6/16/20,W,301881,114566,416447
6/17/20,W,306380,117798,424178
6/18/20,W,305028,119506,424534
6/19/20,W,303502,125162,428664
6/20/20,A,221620,81634,303254
6/21/20,U,165913,70884,236797
6/22/20,W,260524,114622,375146
6/23/20,W,299680,131100,430780
6/24/20,W,286680,133015,419695
6/25/20,W,304522,139288,443810
6/26/20,W,275240,130402,405642
6/27/20,A,233358,106092,339450
6/28/20,U,171693,86966,258659
6/29/20,W,279383,133291,412674
6/30/20,W,298563,140782,439345
7/1/20,W,327984,148683,476667
7/2/20,W,320859,149071,469930
7/3/20,U,272940,127079,400019
7/4/20,A,188378,94601,282979
7/5/20,U,166998,84977,251975
7/6/20,W,301317,143054,444371
7/7/20,W,300508,147310,447818
7/8/20,W,301892,149845,451737
7/9/20,W,301260,149971,451231
7/10/20,W,312226,155529,467755
7/11/20,A,233152,112641,345793
7/12/20,U,174761,90382,265143
7/13/20,W,309700,149117,458817
7/14/20,W,312379,152758,465137
7/15/20,W,295648,147794,443442
7/16/20,W,306288,154912,461200
7/17/20,W,315882,161335,477217
7/18/20,A,219217,109549,328766
7/19/20,U,148461,80714,229175
7/20/20,W,307261,149404,456665
7/21/20,W,297659,148632,446291
7/22/20,W,306629,152652,459281
7/23/20,W,315401,156970,472371
7/24/20,W,318269,161024,479293
7/25/20,A,228619,116404,345023
7/26/20,U,163332,90069,253401
7/27/20,W,295579,144168,439747
7/28/20,W,314899,153221,468120
7/29/20,W,305332,152279,457611
7/30/20,W,307576,156312,463888
7/31/20,W,338021,164604,502625
8/1/20,A,235944,117414,353358
8/2/20,U,169536,89199,258735
8/3/20,W,324028,152552,476580
8/4/20,W,326128,157759,483887
8/5/20,W,319021,157695,476716
8/6/20,W,320751,159609,480360
8/7/20,W,326107,164886,490993
8/8/20,A,232723,118676,351399
8/9/20,U,175080,93832,268912
8/10/20,W,250672,96642,347314
8/11/20,W,309009,138581,447590
8/12/20,W,313739,146680,460419
8/13/20,W,313917,150941,464858
8/14/20,W,315311,155653,470964
8/15/20,A,215071,107720,322791
8/16/20,U,172492,89599,262091
8/17/20,W,304431,147684,452115
8/18/20,W,313038,155406,468444
8/19/20,W,317835,158653,476488
8/20/20,W,317199,160843,478042
8/21/20,W,322563,165104,487667
8/22/20,A,229626,119732,349358
8/23/20,U,167737,93123,260860
8/24/20,W,295919,152126,448045
8/25/20,W,306720,156020,462740
8/26/20,W,311882,158419,470301
8/27/20,W,307570,159603,467173
8/28/20,W,313712,163890,477602
8/29/20,A,228415,120335,348750
8/30/20,U,172100,96089,268189
8/31/20,W,312659,156093,468752
9/1/20,W,320186,157112,477298
9/2/20,W,335025,167989,503014
9/3/20,W,347516,172408,519924
9/4/20,W,339339,176834,516173
9/5/20,A,239660,134087,373747
9/6/20,U,161152,98132,259284
9/7/20,U,189391,104992,294383
9/8/20,W,288854,151558,440412
9/9/20,W,318510,162823,481333
9/10/20,W,320927,167696,488623
9/11/20,W,323815,172643,496458
9/12/20,A,213040,118325,331365
9/13/20,U,183881,104162,288043
9/14/20,W,314508,159479,473987
9/15/20,W,323465,166872,490337
9/16/20,W,323500,171467,494967
9/17/20,W,322703,171455,494158
9/18/20,W,329339,179021,508360
9/19/20,A,240028,135343,375371
9/20/20,U,175502,101785,277287
9/21/20,W,312717,160531,473248
9/22/20,W,324554,166852,491406
9/23/20,W,326416,169407,495823
9/24/20,W,321314,169953,491267
9/25/20,W,338121,180938,519059
9/26/20,A,239686,136388,376074
9/27/20,U,176943,102308,279251
9/28/20,W,299874,158980,458854
9/29/20,W,323062,167874,490936
9/30/20,W,320186,169305,489491
10/1/20,W,336911,173387,510298
10/2/20,W,349664,182413,532077
10/3/20,A,241921,133772,375693
10/4/20,U,179954,100387,280341
10/5/20,W,326242,164517,490759
10/6/20,W,332474,168456,500930
10/7/20,W,333595,171757,505352
10/8/20,W,334365,174469,508834
10/9/20,W,335842,183544,519386
10/10/20,A,248858,137846,386704
10/11/20,U,181194,103244,284438
10/12/20,W,271925,145635,417560
10/13/20,W,334145,170998,505143
10/14/20,W,334911,172419,507330
10/15/20,W,323424,172888,496312
10/16/20,W,324544,178507,503051
10/17/20,A,231563,134238,365801
10/18/20,U,150496,92227,242723
10/19/20,W,300842,158006,458848
10/20/20,W,310091,163811,473902
10/21/20,W,321256,167872,489128
10/22/20,W,318012,168824,486836
10/23/20,W,288787,166459,455246
10/24/20,A,239353,132006,371359
10/25/20,U,160807,94731,255538
10/26/20,W,294204,155238,449442
10/27/20,W,299100,158973,458073
10/28/20,W,318538,165838,484376
10/29/20,W,304342,165360,469702
10/30/20,W,334559,172445,507004
10/31/20,A,224885,120080,344965
11/1/20,U,149896,85934,235830
11/2/20,W,301558,154284,455842
11/3/20,W,317723,149741,467464
11/4/20,W,306904,151147,458051
11/5/20,W,311836,158434,470270
11/6/20,W,318896,167110,486006
11/7/20,A,226237,126890,353127
11/8/20,U,166538,94199,260737
11/9/20,W,308098,157126,465224
11/10/20,W,298502,153003,451505
11/11/20,W,286362,147595,433957
11/12/20,W,305497,158496,463993
11/13/20,W,305354,159535,464889
11/14/20,A,206691,104500,311191
11/15/20,U,136434,75619,212053
11/16/20,W,282290,140661,422951
11/17/20,W,279757,140971,420728
11/18/20,W,285245,143331,428576
11/19/20,W,292548,148286,440834
11/20/20,W,297292,149612,446904
11/21/20,A,206379,100672,307051
11/22/20,U,146562,74926,221488
11/23/20,W,283365,138635,422000
11/24/20,W,264500,135119,399619
11/25/20,W,267787,131704,399491
11/26/20,U,119470,56839,176309
11/27/20,W,221878,106692,328570
11/28/20,A,198860,97141,296001
11/29/20,U,145682,76276,221958
11/30/20,W,255801,130426,386227
12/1/20,W,290906,138364,429270
12/2/20,W,289930,137598,427528
12/3/20,W,301357,142080,443437
12/4/20,W,297160,144348,441508
12/5/20,A,206508,100869,307377
12/6/20,U,144322,74099,218421
12/7/20,W,272363,133537,405900
12/8/20,W,277139,137145,414284
12/9/20,W,293699,143390,437089
12/10/20,W,297368,144459,441827
12/11/20,W,277727,138386,416113
12/12/20,A,181545,92521,274066
12/13/20,U,150344,78380,228724
12/14/20,W,269583,135394,404977
12/15/20,W,273075,137120,410195
12/16/20,W,269375,138422,407797
12/17/20,W,273791,139375,413166
12/18/20,W,284841,144568,429409
12/19/20,A,201406,101970,303376
12/20/20,U,157805,80063,237868
12/21/20,W,280892,137696,418588
12/22/20,W,289292,140759,430051
12/23/20,W,283137,138325,421462
12/24/20,W,201261,92528,293789
12/25/20,U,80783,40861,121644
12/26/20,A,170294,81793,252087
12/27/20,U,139350,72363,211713
12/28/20,W,259552,125317,384869
12/29/20,W,253437,128558,381995
12/30/20,W,244219,126447,370666
12/31/20,W,254787,114338,369125
1/1/21,U,114115,62077,176192
1/2/21,A,186877,91034,277911
1/3/21,U,140440,72391,212831
1/4/21,W,282862,132124,414986
1/5/21,W,281724,134514,416238
1/6/21,W,278317,136069,414386
1/7/21,W,270340,135092,405432
1/8/21,W,272827,137181,410008
1/9/21,A,205370,101095,306465
1/10/21,U,145412,71867,217279
1/11/21,W,262355,129615,391970
1/12/21,W,277882,136866,414748
1/13/21,W,282529,140007,422536
1/14/21,W,275747,137634,413381
1/15/21,W,277928,139988,417916
1/16/21,A,193303,96530,289833
1/17/21,U,143923,72570,216493
1/18/21,W,227108,113727,340835
1/19/21,W,270497,137227,407724
1/20/21,W,257638,131313,388951
1/21/21,W,287899,144085,431984
1/22/21,W,264517,138811,403328
1/23/21,A,190988,96503,287491
1/24/21,U,141538,71996,213534
1/25/21,W,265782,135618,401400
1/26/21,W,233767,127803,361570
1/27/21,W,262570,138610,401180
1/28/21,W,265152,140259,405411
1/29/21,W,285439,148439,433878
1/30/21,A,192267,102119,294386
1/31/21,U,119669,75697,195366
2/1/21,W,285366,145356,430722
2/2/21,W,288369,146050,434419
2/3/21,W,315672,152303,467975
2/4/21,W,278515,147593,426108
2/5/21,W,250369,139613,389982
2/6/21,A,161437,89065,250502
2/7/21,U,110637,64459,175096
2/8/21,W,242899,128998,371897
2/9/21,W,260772,137064,397836
2/10/21,W,267271,141210,408481
2/11/21,W,269772,146284,416056
2/12/21,W,280767,149261,430028
2/13/21,A,186257,106030,292287
2/14/21,U,121070,73603,194673
2/15/21,W,196912,118258,315170
2/16/21,W,206197,114830,321027
2/17/21,W,278930,149828,428758
2/18/21,W,283168,155250,438418
2/19/21,W,287852,156832,444684
2/20/21,A,192157,112011,304168
2/21/21,U,146116,81211,227327
2/22/21,W,280331,146573,426904
2/23/21,W,308822,157020,465842
2/24/21,W,307300,156793,464093
2/25/21,W,300304,157867,458171
2/26/21,W,309217,164565,473782
2/27/21,A,232432,127246,359678
2/28/21,U,158200,87008,245208
3/1/21,W,309106,149826,458932
3/2/21,W,308998,156140,465138
3/3/21,W,333410,163566,496976
3/4/21,W,309302,159889,469191
3/5/21,W,317629,167771,485400
3/6/21,A,228890,124851,353741
3/7/21,U,173071,95906,268977
3/8/21,W,317267,159512,476779
3/9/21,W,327340,164868,492208
3/10/21,W,312074,161736,473810
3/11/21,W,318121,165057,483178
3/12/21,W,323199,172476,495675
3/13/21,A,247738,148004,395742
3/14/21,U,163299,97387,260686
3/15/21,W,265818,144990,410808
3/16/21,W,300583,158171,458754
3/17/21,W,310656,165207,475863
3/18/21,W,293346,160989,454335
3/19/21,W,330666,178106,508772
3/20/21,A,246067,141702,387769
3/21/21,U,187953,111138,299091
3/22/21,W,319333,164624,483957
3/23/21,W,303876,159635,463511
3/24/21,W,320929,168422,489351
3/25/21,W,316190,168278,484468
3/26/21,W,321386,175255,496641
3/27/21,A,235940,137705,373645
3/28/21,U,171037,101679,272716
3/29/21,W,316586,165113,481699
3/30/21,W,324218,170588,494806
3/31/21,W,313521,168955,482476
4/1/21,W,330414,178267,508681
4/2/21,W,329144,180602,509746
4/3/21,A,258780,150786,409566
4/4/21,U,178580,105039,283619
4/5/21,W,313426,166404,479830
4/6/21,W,338664,181795,520459
4/7/21,W,340512,181069,521581
4/8/21,W,302569,171140,473709
4/9/21,W,330542,186985,517527
4/10/21,A,212976,129831,342807
4/11/21,U,177686,105758,283444
4/12/21,W,326192,170290,496482
4/13/21,W,335197,179135,514332
4/14/21,W,320689,173838,494527
4/15/21,W,321850,179206,501056
4/16/21,W,334144,199086,533230
4/17/21,A,237265,155208,392473
4/18/21,U,177249,112596,289845
4/19/21,W,307407,165608,473015
4/20/21,W,310048,170031,480079
4/21/21,W,313705,173325,487030
4/22/21,W,336610,187886,524496
4/23/21,W,341811,203880,545691
4/24/21,A,234939,149135,384074
4/25/21,U,175558,113050,288608
4/26/21,W,337128,176283,513411
4/27/21,W,352388,193712,546100
4/28/21,W,303689,172569,476258
4/29/21,W,327089,184416,511505
4/30/21,W,358329,207166,565495
5/1/21,A,266141,170503,436644
5/2/21,U,195776,126355,322131
5/3/21,W,334667,174120,508787
5/4/21,W,330540,183621,514161
5/5/21,W,346837,193605,540442
5/6/21,W,322453,187545,509998
5/7/21,W,351011,212194,563205
5/8/21,A,255252,161702,416954
5/9/21,U,158199,108981,267180
5/10/21,W,317899,175820,493719
5/11/21,W,338523,189589,528112
5/12/21,W,337223,193841,531064
5/13/21,W,347914,205589,553503
5/14/21,W,353950,222830,576780
5/15/21,A,234951,166559,401510
5/16/21,U,195939,137410,333349
5/17/21,W,333150,190203,523353
5/18/21,W,338267,195305,533572
5/19/21,W,331674,198718,530392
5/20/21,W,350455,215181,565636
5/21/21,W,353721,226276,579997
5/22/21,A,265066,188124,453190
5/23/21,U,184730,129720,314450
5/24/21,W,338290,196524,534814
5/25/21,W,345371,205679,551050
5/26/21,W,349319,208470,557789
5/27/21,W,334991,208682,543673
5/28/21,W,313635,217115,530750
5/29/21,A,266944,208819,475763
5/30/21,U,209937,177745,387682
5/31/21,U,194901,147880,342781
6/1/21,W,349451,221402,570853
6/2/21,W,356620,222827,579447
6/3/21,W,382161,231398,613559
6/4/21,W,374475,244454,618929
6/5/21,A,278036,199123,477159
6/6/21,U,204309,148509,352818
6/7/21,W,343982,202767,546749
6/8/21,W,366854,222841,589695
6/9/21,W,367755,231622,599377
6/10/21,W,374697,246542,621239
6/11/21,W,375533,271425,646958
6/12/21,A,265224,224185,489409
6/13/21,U,219260,184714,403974
6/14/21,W,362267,227377,589644
6/15/21,W,372531,238872,611403
6/16/21,W,374362,242785,617147
6/17/21,W,372186,247900,620086
6/18/21,W,362823,272803,635626
6/19/21,A,276925,238075,515000
6/20/21,U,194025,158875,352900
6/21/21,W,349781,237699,587480
6/22/21,W,376511,256084,632595
6/23/21,W,362682,239858,602540
6/24/21,W,345186,240440,585626
6/25/21,W,343853,251904,595757
6/26/21,A,232678,190791,423469
6/27/21,U,219887,176898,396785
6/28/21,W,337566,218776,556342
6/29/21,W,346254,229881,576135
6/30/21,W,356837,237763,594600
7/1/21,W,397781,257789,655570
7/2/21,W,389185,254956,644141
7/3/21,A,292341,215230,507571
7/4/21,U,214496,167760,382256
7/5/21,U,237811,178415,416226
7/6/21,W,378230,255296,633526
7/7/21,W,371601,261796,633397
7/8/21,W,375578,276819,652397
7/9/21,W,389894,302893,692787
7/10/21,A,275612,238903,514515
7/11/21,U,189913,165360,355273
7/12/21,W,363268,237710,600978
7/13/21,W,375230,250575,625805
7/14/21,W,396163,262113,658276
7/15/21,W,374072,261351,635423
7/16/21,W,379552,280527,660079
7/17/21,A,296714,245066,541780
7/18/21,U,226558,191007,417565
7/19/21,W,377772,248181,625953
7/20/21,W,390578,264471,655049
7/21/21,W,392548,274123,666671
7/22/21,W,390531,275892,666423
7/23/21,W,386289,298869,685158
7/24/21,A,280927,250014,530941
7/25/21,U,221645,198799,420444
7/26/21,W,373206,260296,633502
7/27/21,W,387327,279049,666376
7/28/21,W,390425,298392,688817
7/29/21,W,394751,362106,756857
7/30/21,W,402364,362949,765313
7/31/21,A,292772,310759,603531
8/1/21,U,223161,244404,467565
8/2/21,W,374987,259408,634395
8/3/21,W,407869,267547,675416
8/4/21,W,401665,271469,673134
8/5/21,W,401248,283716,684964
8/6/21,W,387894,313936,701830
8/7/21,A,301542,275050,576592
8/8/21,U,223653,187344,410997
8/9/21,W,334547,240520,575067
8/10/21,W,372961,264354,637315
8/11/21,W,364185,258741,622926
8/12/21,W,381061,280760,661821
8/13/21,W,396567,277082,673649
8/14/21,A,294345,252710,547055
8/15/21,U,221156,205673,426829
8/16/21,W,371748,246824,618572
8/17/21,W,385106,259308,644414
8/18/21,W,387316,265679,652995
8/19/21,W,390171,274749,664920
8/20/21,W,399149,298535,697684
8/21/21,A,282205,248705,530910
8/22/21,U,231270,202393,433663
8/23/21,W,389873,263283,653156
8/24/21,W,382748,259641,642389
8/25/21,W,398464,278830,677294
8/26/21,W,417416,287640,705056
8/27/21,W,411406,302286,713692
8/28/21,A,290939,232278,523217
8/29/21,U,215493,180030,395523
8/30/21,W,452128,283312,735440
8/31/21,W,457408,294988,752396
9/1/21,W,483883,302972,786855
9/2/21,W,466988,316474,783462
9/3/21,W,460822,332962,793784
9/4/21,A,288744,249857,538601
9/5/21,U,238982,232104,471086
9/6/21,U,231171,190360,421531
9/7/21,W,445989,291803,737792
9/8/21,W,480111,320091,800202
9/9/21,W,471953,326271,798224
9/10/21,W,469400,355788,825188
9/11/21,A,292316,276714,569030
9/12/21,U,216327,206582,422909
9/13/21,W,450527,296554,747081
9/14/21,W,468812,311965,780777
9/15/21,W,472623,329295,801918
9/16/21,W,467659,365090,832749
9/17/21,W,469512,377373,846885
9/18/21,A,297188,295961,593149
9/19/21,U,221743,220835,442578
9/20/21,W,443252,298947,742199
9/21/21,W,452211,319330,771541
9/22/21,W,450883,322522,773405
9/23/21,W,464140,327671,791811
9/24/21,W,463710,365392,829102
9/25/21,A,300821,296621,597442
9/26/21,U,214958,195380,410338
9/27/21,W,458134,298532,756666
9/28/21,W,474767,315354,790121
9/29/21,W,471319,323001,794320
9/30/21,W,469820,326450,796270
10/1/21,W,486451,343048,829499
10/2/21,A,283289,248678,531967
10/3/21,U,209009,188875,397884
10/4/21,W,453108,297717,750825
10/5/21,W,469691,317319,787010
10/6/21,W,474666,317494,792160
10/7/21,W,447936,323569,771505
10/8/21,W,461163,348740,809903
10/9/21,A,301635,281790,583425
10/10/21,U,194232,312750,506982
10/11/21,W,335704,269043,604747
10/12/21,W,469702,337547,807249
10/13/21,W,456836,323735,780571
10/14/21,W,466987,336464,803451
10/15/21,W,456194,338278,794472
10/16/21,A,301890,266017,567907
10/17/21,U,219929,196386,416315
10/18/21,W,447658,303246,750904
10/19/21,W,467179,323286,790465
10/20/21,W,470815,323794,794609
10/21/21,W,449160,330258,779418
10/22/21,W,446072,328904,774976
10/23/21,A,288871,244421,533292
10/24/21,U,171424,144992,316416
10/25/21,W,384314,270031,654345
10/26/21,W,476997,320974,797971
10/27/21,W,475784,327121,802905
10/28/21,W,447442,328865,776307
10/29/21,W,407815,307878,715693
10/30/21,A,280283,244786,525069
10/31/21,U,203393,183268,386661
11/1/21,W,452937,300996,753933
11/2/21,W,463908,319122,783030
11/3/21,W,481029,327770,808799
11/4/21,W,463508,333562,797070
11/5/21,W,403870,312819,716689
11/6/21,A,279147,235533,514680
11/7/21,U,211114,177817,388931
11/8/21,W,458387,305403,763790
11/9/21,W,465479,324645,790124
11/10/21,W,474682,332506,807188
11/11/21,W,349696,286823,636519
11/12/21,W,381722,302454,684176
11/13/21,A,263401,221836,485237
11/14/21,U,191694,153282,344976
11/15/21,W,427781,292876,720657
11/16/21,W,463846,321135,784981
11/17/21,W,436216,311717,747933
11/18/21,W,413008,315161,728169
11/19/21,W,443247,337202,780449
11/20/21,A,271655,276136,547791
11/21/21,U,214017,179537,393554
11/22/21,W,428156,288075,716231
11/23/21,W,437577,300261,737838
11/24/21,W,359261,257882,617143
11/25/21,U,136680,103108,239788
11/26/21,W,257700,189694,447394
11/27/21,A,237839,187065,424904
11/28/21,U,184817,147830,332647
11/29/21,W,421322,276090,697412
11/30/21,W,450230,302349,752579
12/1/21,W,464613,309075,773688
12/2/21,W,466625,323958,790583
12/3/21,W,460247,320326,780573
12/4/21,A,282720,237153,519873
12/5/21,U,175680,150682,326362
12/6/21,W,419783,278439,698222
12/7/21,W,412108,287065,699173
12/8/21,W,440298,300242,740540
12/9/21,W,441609,310636,752245
12/10/21,W,425279,297443,722722
12/11/21,A,253954,221509,475463
12/12/21,U,200373,165296,365669
12/13/21,W,425654,272016,697670
12/14/21,W,443484,293750,737234
12/15/21,W,441500,299691,741191
12/16/21,W,424823,297427,722250
12/17/21,W,405415,282060,687475
12/18/21,A,243767,196349,440116
12/19/21,U,193554,150673,344227
12/20/21,W,346355,235596,581951
12/21/21,W,343757,224928,568685
12/22/21,W,314359,209334,523693
12/23/21,W,311895,192858,504753
12/24/21,U,215369,118922,334291
12/25/21,A,101622,63575,165197
12/26/21,U,160349,106278,266627
12/27/21,W,276748,170801,447549
12/28/21,W,267102,174336,441438
12/29/21,W,294413,191745,486158
12/30/21,W,295024,194851,489875
12/31/21,U,227449,163183,390632
1/1/22,A,115581,116473,232054
1/2/22,U,141100,114070,255170
1/3/22,W,308893,184727,493620
1/4/22,W,343163,202963,546126
1/5/22,W,261752,177105,438857
1/6/22,W,256983,175465,432448
1/7/22,W,246042,172216,418258
1/8/22,A,190569,133844,324413
1/9/22,U,139413,102330,241743
1/10/22,W,273785,175964,449749
1/11/22,W,299534,190644,490178
1/12/22,W,364308,214250,578558
1/13/22,W,364235,218508,582743
1/14/22,W,355305,224098,579403
1/15/22,A,201975,153357,355332
1/16/22,U,157849,117493,275342
1/17/22,W,247901,160202,408103
1/18/22,W,394532,239770,634302
1/19/22,W,373531,235997,609528
1/20/22,W,343001,227670,570671
1/21/22,W,360918,227754,588672
1/22/22,A,213615,153452,367067
1/23/22,U,149802,112997,262799
1/24/22,W,352311,235351,587662
1/25/22,W,352155,234112,586267
1/26/22,W,313683,215518,529201
1/27/22,W,388880,254620,643500
1/28/22,W,310477,229809,540286
1/29/22,A,216590,160644,377234
1/30/22,U,163483,115445,278928
1/31/22,W,405219,253283,658502
2/1/22,W,438309,273732,712041
2/2/22,W,252363,189573,441936
2/3/22,W,342011,232018,574029
2/4/22,W,391793,263572,655365
2/5/22,A,222874,169731,392605
2/6/22,U,179811,125211,305022
2/7/22,W,405768,257867,663635
2/8/22,W,431086,280312,711398
2/9/22,W,433494,283336,716830
2/10/22,W,426111,284248,710359
2/11/22,W,413489,269373,682862
2/12/22,A,236977,177109,414086
2/13/22,U,175728,133282,309010
2/14/22,W,400492,260703,661195
2/15/22,W,434683,282736,717419
2/16/22,W,436057,286506,722563
2/17/22,W,365062,260175,625237
2/18/22,W,383850,268927,652777
2/19/22,A,228190,179991,408181
2/20/22,U,193971,146532,340503
2/21/22,W,330376,219366,549742
2/22/22,W,402852,275702,678554
2/23/22,W,434639,288569,723208
2/24/22,W,417551,290246,707797
2/25/22,W,411882,278287,690169
2/26/22,A,260161,190557,450718
2/27/22,U,197978,139377,337355
2/28/22,W,437269,272433,709702
3/1/22,W,471547,297951,769498
3/2/22,W,461679,304639,766318
3/3/22,W,450905,301344,752249
3/4/22,W,437164,288975,726139
3/5/22,A,291281,221714,512995
3/6/22,U,194300,141976,336276
3/7/22,W,399383,261592,660975
3/8/22,W,464441,303631,768072
3/9/22,W,466984,310336,777320
3/10/22,W,444721,310435,755156
3/11/22,W,422764,294476,717240
3/12/22,A,247872,287526,535398
3/13/22,U,200879,168821,369700
3/14/22,W,448558,294168,742726
3/15/22,W,463215,322609,785824
3/16/22,W,479823,333597,813420
3/17/22,W,463068,336933,800001
3/18/22,W,404540,292739,697279
3/19/22,A,250839,203842,454681
3/20/22,U,220280,183597,403877
3/21/22,W,459452,286077,745529
3/22/22,W,432916,290803,723719
3/23/22,W,411053,285528,696581
3/24/22,W,452116,279960,732076
3/25/22,W,431829,290569,722398
3/26/22,A,242199,191025,433224
3/27/22,U,193217,147865,341082
3/28/22,W,443113,283316,726429
3/29/22,W,459127,310432,769559
3/30/22,W,425844,299471,725315
3/31/22,W,446918,313624,760542
4/1/22,W,484903,314610,799513
4/2/22,A,264044,194383,458427
4/3/22,U,218901,153875,372776
4/4/22,W,457452,291019,748471
4/5/22,W,482775,326164,808939
4/6/22,W,470573,327753,798326
4/7/22,W,468788,346853,815641
4/8/22,W,398017,301320,699337
4/9/22,A,283129,232566,515695
4/10/22,U,221977,184272,406249
4/11/22,W,388543,276040,664583
4/12/22,W,426444,323042,749486
4/13/22,W,375870,290641,666511
4/14/22,W,408379,316347,724726
4/15/22,W,367610,276605,644215
4/16/22,A,274093,216395,490488
4/17/22,U,183837,139738,323575
4/18/22,W,416359,279342,695701
4/19/22,W,461501,324667,786168
4/20/22,W,453943,322677,776620
4/21/22,W,455139,339779,794918
4/22/22,W,414144,295319,709463
4/23/22,A,312128,278763,590891
4/24/22,U,192744,162462,355206
4/25/22,W,454532,293934,748466
4/26/22,W,476474,323321,799795
4/27/22,W,473316,325530,798846
4/28/22,W,461751,329024,790775
4/29/22,W,472802,324138,796940
4/30/22,A,260440,208693,469133
5/1/22,U,209565,167306,376871
5/2/22,W,456676,288292,744968
5/3/22,W,427088,304189,731277
5/4/22,W,500429,344233,844662
5/5/22,W,464544,329241,793785
5/6/22,W,429700,298387,728087
5/7/22,A,308573,262869,571442
5/8/22,U,204641,167467,372108
5/9/22,W,456324,296458,752782
5/10/22,W,487603,334899,822502
5/11/22,W,481802,332548,814350
5/12/22,W,475308,345676,820984
5/13/22,W,470223,332657,802880
5/14/22,A,303044,249361,552405
5/15/22,U,210931,171982,382913
5/16/22,W,460986,304494,765480
5/17/22,W,479630,337079,816709
5/18/22,W,452731,322841,775572
5/19/22,W,486489,351429,837918
5/20/22,W,458078,321127,779205
5/21/22,A,258763,218972,477735
5/22/22,U,221756,193002,414758
5/23/22,W,456515,297901,754416
5/24/22,W,484351,336010,820361
5/25/22,W,461780,319883,781663
5/26/22,W,467853,332069,799922
5/27/22,W,435553,299737,735290
5/28/22,A,299533,280228,579761
5/29/22,U,239199,246793,485992
5/30/22,U,235865,210421,446286
5/31/22,W,468550,326376,794926
6/1/22,W,496766,346924,843690
6/2/22,W,492400,355544,847944
6/3/22,W,494862,353934,848796
6/4/22,A,298993,261915,560908
6/5/22,U,230730,216530,447260
6/6/22,W,437910,291922,729832
6/7/22,W,492774,348945,841719
6/8/22,W,454093,328980,783073
6/9/22,W,488146,359630,847776
6/10/22,W,450488,327910,778398
6/11/22,A,311911,264509,576420
6/12/22,U,224348,193587,417935
6/13/22,W,433682,306621,740303
6/14/22,W,467146,345831,812977
6/15/22,W,435538,338852,774390
6/16/22,W,441821,351622,793443
6/17/22,W,438575,356445,795020
6/18/22,A,316980,307051,624031
6/19/22,U,227181,226033,453214
6/20/22,W,365955,257700,623655
6/21/22,W,427588,321100,748688
6/22/22,W,444712,335641,780353
6/23/22,W,442860,345391,788251
6/24/22,W,429666,353308,782974
6/25/22,A,276951,259318,536269
6/26/22,U,228786,301320,530106
6/27/22,W,416606,298347,714953
6/28/22,W,445097,348827,793924
6/29/22,W,448310,350300,798610
6/30/22,W,434307,354302,788609
7/1/22,W,427111,319073,746184
7/2/22,A,314971,271980,586951
7/3/22,U,234889,221003,455892
7/4/22,U,201272,158486,359758
7/5/22,W,400714,283797,684511
7/6/22,W,438241,315347,753588
7/7/22,W,444168,331132,775300
7/8/22,W,414527,323371,737898
7/9/22,A,314661,288100,602761
7/10/22,U,228764,208566,437330
7/11/22,W,411177,289480,700657
7/12/22,W,460573,351612,812185
7/13/22,W,462243,357923,820166
7/14/22,W,459272,364927,824199
7/15/22,W,385035,307877,692912
7/16/22,A,306271,295499,601770
7/17/22,U,212995,208264,421259
7/18/22,W,432780,299248,732028
7/19/22,W,453338,335621,788959
7/20/22,W,455439,338205,793644
7/21/22,W,445763,342598,788361
7/22/22,W,426586,323821,750407
7/23/22,A,275396,265291,540687
7/24/22,U,209703,202481,412184
7/25/22,W,423680,314719,738399
7/26/22,W,460649,352662,813311
7/27/22,W,446320,340006,786326
7/28/22,W,448728,380517,829245
7/29/22,W,430804,378849,809653
7/30/22,A,304052,327388,631440
7/31/22,U,224307,252781,477088
8/1/22,W,433904,304820,738724
8/2/22,W,451890,335737,787627
8/3/22,W,430236,321771,752007
8/4/22,W,449161,341966,791127
8/5/22,W,445484,357462,802946
8/6/22,A,302707,280369,583076
8/7/22,U,202042,193344,395386
8/8/22,W,381427,286194,667621
8/9/22,W,454272,352582,806854
8/10/22,W,455381,346182,801563
8/11/22,W,444736,337937,782673
8/12/22,W,430652,320260,750912
8/13/22,A,295364,253835,549199
8/14/22,U,214683,189154,403837
8/15/22,W,422612,312773,735385
8/16/22,W,445900,335456,781356
8/17/22,W,451427,335610,787037
8/18/22,W,447149,343155,790304
8/19/22,W,446821,359501,806322
8/20/22,A,276088,263681,539769
8/21/22,U,235253,221628,456881
8/22/22,W,484550,322408,806958
8/23/22,W,510024,370191,880215
8/24/22,W,509522,369646,879168
8/25/22,W,491181,367289,858470
8/26/22,W,495636,347989,843625
8/27/22,A,313588,249105,562693
8/28/22,U,219848,188705,408553
8/29/22,W,453804,307410,761214
8/30/22,W,524895,366870,891765
8/31/22,W,521586,366459,888045
9/1/22,W,526641,371181,897822
9/2/22,W,507102,361289,868391
9/3/22,A,329125,291196,620321
9/4/22,U,229381,227410,456791
9/5/22,U,236613,180944,417557
9/6/22,W,523472,365689,889161
9/7/22,W,534473,388259,922732
9/8/22,W,529691,391210,920901
9/9/22,W,506174,373012,879186
9/10/22,A,328476,293144,621620
9/11/22,U,180862,175036,355898
9/12/22,W,480954,342767,823721
9/13/22,W,527850,390462,918312
9/14/22,W,531662,395177,926839
9/15/22,W,526216,409158,935374
9/16/22,W,508567,431965,940532
9/17/22,A,333893,324035,657928
9/18/22,U,237991,241024,479015
9/19/22,W,495344,350160,845504
9/20/22,W,522109,387279,909388
9/21/22,W,537697,392818,930515
9/22/22,W,530009,398846,928855
9/23/22,W,458882,354789,813671
9/24/22,A,320145,265000,585145
9/25/22,U,229013,196621,425634
9/26/22,W,497354,338256,835610
9/27/22,W,527776,392549,920325
9/28/22,W,530749,399004,929753
9/29/22,W,521049,399396,920445
9/30/22,W,517079,372584,889663
10/1/22,A,331991,278557,610548
10/2/22,U,230938,198343,429281
10/3/22,W,522157,347552,869709
10/4/22,W,539617,387120,926737
10/5/22,W,535091,386695,921786
10/6/22,W,528937,407379,936316
10/7/22,W,497726,385824,883550
10/8/22,A,327134,300298,627432
10/9/22,U,207502,351798,559300
10/10/22,W,413126,332397,745523
10/11/22,W,516976,397158,914134
10/12/22,W,497854,384939,882793
10/13/22,W,533103,420167,953270
10/14/22,W,501494,372144,873638
10/15/22,A,325294,272080,597374
10/16/22,U,227365,191906,419271
10/17/22,W,470688,332889,803577
10/18/22,W,499407,372296,871703
10/19/22,W,525153,378834,903987
10/20/22,W,507374,383470,890844
10/21/22,W,462718,343986,806704
10/22/22,A,328599,254638,583237
10/23/22,U,239284,189552,428836
10/24/22,W,499098,342781,841879
10/25/22,W,478171,370030,848201
10/26/22,W,539425,393904,933329
10/27/22,W,528826,395129,923955
10/28/22,W,501985,352842,854827
10/29/22,A,311437,254149,565586
10/30/22,U,217204,177961,395165
10/31/22,W,454862,318942,773804
11/1/22,W,535639,378179,913818
11/2/22,W,532834,379413,912247
11/3/22,W,540308,389939,930247
11/4/22,W,489779,345651,835430
11/5/22,A,271210,239302,510512
11/6/22,U,237292,195418,432710
11/7/22,W,502205,345095,847300
11/8/22,W,445547,343165,788712
11/9/22,W,524300,382075,906375
11/10/22,W,534931,396488,931419
11/11/22,W,458476,329637,788113
11/12/22,A,283958,233513,517471
11/13/22,U,216386,184686,401072
11/14/22,W,479311,330831,810142
11/15/22,W,482772,363154,845926
11/16/22,W,501388,367015,868403
11/17/22,W,489196,368122,857318
11/18/22,W,437859,348326,786185
11/19/22,A,253918,231052,484970
11/20/22,U,204456,163384,367840
11/21/22,W,423423,299744,723167
11/22/22,W,435161,314006,749167
11/23/22,W,398091,275787,673878
11/24/22,U,160200,111986,272186
11/25/22,W,305747,216040,521787
11/26/22,A,283619,206385,490004
11/27/22,U,190990,145822,336812
11/28/22,W,472849,306743,779592
11/29/22,W,492390,346172,838562
11/30/22,W,471180,342095,813275
12/1/22,W,494028,351763,845791
12/2/22,W,490109,327826,817935
12/3/22,A,302524,235937,538461
12/4/22,U,219158,175364,394522
12/5/22,W,473036,301290,774326
12/6/22,W,491402,343974,835376
12/7/22,W,501570,348450,850020
12/8/22,W,491122,354293,845415
12/9/22,W,434379,310116,744495
12/10/22,A,301199,250406,551605
12/11/22,U,217920,181270,399190
12/12/22,W,461205,309804,771009
12/13/22,W,488778,350345,839123
12/14/22,W,460656,334180,794836
12/15/22,W,479951,357938,837889
12/16/22,W,438828,317559,756387
12/17/22,A,273704,221530,495234
12/18/22,U,205652,168395,374047
12/19/22,W,422466,271588,694054
12/20/22,W,458350,301658,760008
12/21/22,W,449539,293415,742954
12/22/22,W,334740,211520,546260
12/23/22,W,154576,107314,261890
12/24/22,A,150459,94387,244846
12/25/22,U,85188,55366,140554
12/26/22,U,205368,123005,328373
12/27/22,W,315154,202638,517792
12/28/22,W,321472,212073,533545
12/29/22,W,347158,231287,578445
12/30/22,W,364899,243067,607966
12/31/22,A,257498,181031,438529
1/1/23,U,164489,140776,305265
1/2/23,U,254124,165797,419921
1/3/23,W,383247,275846,659093
1/4/23,W,398456,292474,690930
1/5/23,W,384238,292708,676946
1/6/23,W,371923,258636,630559
1/7/23,A,272633,183930,456563
1/8/23,U,209397,145377,354774
1/9/23,W,449465,296803,746268
1/10/23,W,499769,345615,845384
1/11/23,W,499126,343468,842594
1/12/23,W,474679,340171,814850
1/13/23,W,443233,292169,735402
1/14/23,A,288502,201672,490174
1/15/23,U,220389,154138,374527
1/16/23,W,295880,196321,492201
1/17/23,W,496926,344762,841688
1/18/23,W,495410,346875,842285
1/19/23,W,479283,347238,826521
1/20/23,W,457848,296350,754198
1/21/23,A,285487,196802,482289
1/22/23,U,201809,140538,342347
1/23/23,W,468304,307836,776140
1/24/23,W,505791,355136,860927
1/25/23,W,462648,337076,799724
1/26/23,W,484428,350067,834495
1/27/23,W,435531,290048,725579
1/28/23,A,270454,190883,461337
1/29/23,U,199420,144673,344093
1/30/23,W,420711,284230,704941
1/31/23,W,428116,311121,739237
2/1/23,W,488390,332706,821096
2/2/23,W,488230,339244,827474
2/3/23,W,367206,247871,615077
2/4/23,A,295858,188543,484401
2/5/23,U,228506,147681,376187
2/6/23,W,489061,304675,793736
2/7/23,W,512128,348998,861126
2/8/23,W,517223,348441,865664
2/9/23,W,456891,326676,783567
2/10/23,W,480757,289003,769760
2/11/23,A,305427,182401,487828
2/12/23,U,228971,139964,368935
2/13/23,W,477325,298814,776139
2/14/23,W,510605,355572,866177
2/15/23,W,498251,346762,845013
2/16/23,W,450939,324574,775513
2/17/23,W,447365,297527,744892
2/18/23,A,307618,213471,521089
2/19/23,U,241433,167599,409032
2/20/23,W,371110,251523,622633
2/21/23,W,512268,349053,861321
2/22/23,W,445175,320183,765358
2/23/23,W,500377,349987,850364
2/24/23,W,468093,303528,771621
2/25/23,A,313877,199947,513824
2/26/23,U,246373,152718,399091
2/27/23,W,438886,284156,723042
2/28/23,W,516342,350093,866435
3/1/23,W,538035,357399,895434
3/2/23,W,505862,352552,858414
3/3/23,W,441984,285055,727039
3/4/23,A,332481,209545,542026
3/5/23,U,246208,156086,402294
3/6/23,W,470524,303195,773719
3/7/23,W,528413,362941,891354
3/8/23,W,521850,359517,881367
3/9/23,W,498577,352220,850797
3/10/23,W,466305,312533,778838
3/11/23,A,326961,340919,667880
3/12/23,U,215765,159274,375039
3/13/23,W,459265,307389,766654
3/14/23,W,524325,366497,890822
3/15/23,W,535449,367880,903329
3/16/23,W,499382,360728,860110
3/17/23,W,435055,319561,754616
3/18/23,A,284653,199267,483920
3/19/23,U,238907,157695,396602
3/20/23,W,478059,300593,778652
3/21/23,W,510959,347098,858057
3/22/23,W,499380,340260,839640
3/23/23,W,489519,342562,832081
3/24/23,W,475520,306297,781817
3/25/23,A,287548,202198,489746
3/26/23,U,222855,179536,402391
3/27/23,W,493436,320115,813551
3/28/23,W,521594,365749,887343
3/29/23,W,470430,353192,823622
3/30/23,W,517477,388264,905741
3/31/23,W,467904,309609,777513
4/1/23,A,315267,235235,550502
4/2/23,U,261251,191192,452443
4/3/23,W,439537,304009,743546
4/4/23,W,428000,325448,753448
4/5/23,W,438936,335701,774637
4/6/23,W,459977,353018,812995
4/7/23,W,419926,312653,732579
4/8/23,A,333736,244038,577774
4/9/23,U,237320,168475,405795
4/10/23,W,492576,324608,817184
4/11/23,W,539533,388288,927821
4/12/23,W,516841,388965,905806
4/13/23,W,541076,386440,927516
4/14/23,W,518497,353807,872304
4/15/23,A,360082,254964,615046
4/16/23,U,229968,157603,387571
4/17/23,W,458530,310077,768607
4/18/23,W,523866,378471,902337
4/19/23,W,527267,380103,907370
4/20/23,W,516298,393967,910265
4/21/23,W,505681,360742,866423
4/22/23,A,329493,240134,569627
4/23/23,U,245927,174185,420112
4/24/23,W,502642,328298,830940
4/25/23,W,516696,378228,894924
4/26/23,W,539161,388688,927849
4/27/23,W,532971,395661,928632
4/28/23,W,503332,340242,843574
4/29/23,A,331120,224434,555554
4/30/23,U,238929,165311,404240
5/1/23,W,482348,315630,797978
5/2/23,W,530573,372211,902784
5/3/23,W,555155,381538,936693
5/4/23,W,542958,391265,934223
5/5/23,W,518792,367635,886427
5/6/23,A,354490,259476,613966
5/7/23,U,281403,198280,479683
5/8/23,W,469174,325860,795034
5/9/23,W,548033,396388,944421
5/10/23,W,544618,397870,942488
5/11/23,W,533940,384804,918744
5/12/23,W,481927,328362,810289
5/13/23,A,344247,221075,565322
5/14/23,U,233363,156364,389727
5/15/23,W,486638,320403,807041
5/16/23,W,533948,384145,918093
5/17/23,W,527429,382604,910033
5/18/23,W,525435,390005,915440
5/19/23,W,486435,337006,823441
5/20/23,A,354750,241214,595964
5/21/23,U,273007,193053,466060
5/22/23,W,499608,333292,832900
5/23/23,W,537810,406630,944440
5/24/23,W,535858,401039,936897
5/25/23,W,528009,395099,923108
5/26/23,W,497832,356184,854016
5/27/23,A,340968,290957,631925
5/28/23,U,273385,247157,520542
5/29/23,U,269683,209702,479385
5/30/23,W,517974,382375,900349
5/31/23,W,517111,389469,906580
6/1/23,W,544178,393187,937365
6/2/23,W,514354,386122,900476
6/3/23,A,371914,300646,672560
6/4/23,U,278304,238509,516813
6/5/23,W,511045,350028,861073
6/6/23,W,522067,389250,911317
6/7/23,W,535180,390851,926031
6/8/23,W,493065,387473,880538
6/9/23,W,476837,381247,858084
6/10/23,A,379556,320326,699882
6/11/23,U,239715,193563,433278
6/12/23,W,457944,327050,784994
6/13/23,W,450859,375000,825859
6/14/23,W,493401,392696,886097
6/15/23,W,482965,398441,881406
6/16/23,W,453530,361553,815083
6/17/23,A,372865,295909,668774
6/18/23,U,272736,221073,493809
6/19/23,W,384578,261569,646147
6/20/23,W,488457,375171,863628
6/21/23,W,495689,401487,897176
6/22/23,W,486237,402155,888392
6/23/23,W,469905,383443,853348
6/24/23,A,369643,298557,668200
6/25/23,U,258229,295714,553943
6/26/23,W,445453,323554,769007
6/27/23,W,496729,395754,892483
6/28/23,W,496731,392034,888765
6/29/23,W,470303,393963,864266
6/30/23,W,473836,378120,851956
7/1/23,A,335143,311337,646480
7/2/23,U,170177,192380,362557
7/3/23,W,444738,293378,738116
7/4/23,U,281675,195858,477533
7/5/23,W,448241,324432,772673
7/6/23,W,495284,375201,870485
7/7/23,W,479367,347499,826866
7/8/23,A,352631,259570,612201
7/9/23,U,281445,205204,486649
7/10/23,W,485647,330776,816423
7/11/23,W,483040,372976,856016
7/12/23,W,443121,354104,797225
7/13/23,W,505564,394862,900426
7/14/23,W,476443,373807,850250
7/15/23,A,359874,287408,647282
7/16/23,U,281420,234238,515658
7/17/23,W,480822,349113,829935
7/18/23,W,512122,398713,910835
7/19/23,W,515105,402686,917791
7/20/23,W,502681,414002,916683
7/21/23,W,485225,389288,874513
7/22/23,A,360932,312905,673837
7/23/23,U,288305,247161,535466
7/24/23,W,474506,338496,813002
7/25/23,W,508517,383391,891908
7/26/23,W,478350,371278,849628
7/27/23,W,502581,385163,887744
7/28/23,W,446842,334517,781359
7/29/23,A,364824,286441,651265
7/30/23,U,285496,219936,505432
7/31/23,W,469024,334195,803219
8/1/23,W,528437,389535,917972
8/2/23,W,519583,423358,942941
8/3/23,W,521191,480968,1002159
8/4/23,W,493321,456039,949360
8/5/23,A,338701,346075,684776
8/6/23,U,264872,298188,563060
8/7/23,W,467465,346627,814092
8/8/23,W,508824,388916,897740
8/9/23,W,501770,394563,896333
8/10/23,W,506343,383545,889888
8/11/23,W,472150,370307,842457
8/12/23,A,370464,315090,685554
8/13/23,U,279218,225085,504303
8/14/23,W,408865,290559,699424
8/15/23,W,500013,382517,882530
8/16/23,W,518485,390193,908678
8/17/23,W,484256,366327,850583
8/18/23,W,490626,366654,857280
8/19/23,A,381458,303336,684794
8/20/23,U,296344,239159,535503
8/21/23,W,551302,343866,895168
8/22/23,W,564653,390141,954794
8/23/23,W,531763,365111,896874
8/24/23,W,501750,365055,866805
8/25/23,W,553276,375055,928331
8/26/23,A,361538,273589,635127
8/27/23,U,289983,218533,508516
8/28/23,W,567171,371199,938370
8/29/23,W,585643,418817,1004460
8/30/23,W,589901,420080,1009981
8/31/23,W,579376,413083,992459
9/1/23,W,585674,386812,972486
9/2/23,A,384728,291029,675757
9/3/23,U,309758,248524,558282
9/4/23,U,293106,220411,513517
9/5/23,W,586167,409043,995210
9/6/23,W,578259,425429,1003688
9/7/23,W,597711,442432,1040143
9/8/23,W,555213,397332,952545
9/9/23,A,385592,323033,708625
9/10/23,U,297306,247808,545114
9/11/23,W,504742,356445,861187
9/12/23,W,603242,432403,1035645
9/13/23,W,593103,431950,1025053
9/14/23,W,587439,437320,1024759
9/15/23,W,566708,432176,998884
9/16/23,A,352049,340865,692914
9/17/23,U,252015,219746,471761
9/18/23,W,560810,382031,942841
9/19/23,W,555949,432367,988316
9/20/23,W,599268,447165,1046433
9/21/23,W,581536,449600,1031136
9/22/23,W,525718,400937,926655
9/23/23,A,381816,312772,694588
9/24/23,U,290336,234578,524914
9/25/23,W,552311,370891,923202
9/26/23,W,565172,416619,981791
9/27/23,W,583749,427267,1011016
9/28/23,W,597723,437574,1035297
9/29/23,W,578054,401168,979222
9/30/23,A,391173,301206,692379
10/1/23,U,303953,229368,533321
10/2/23,W,576630,378334,954964
10/3/23,W,619488,434467,1053955
10/4/23,W,610623,445787,1056410
10/5/23,W,584937,447707,1032644
10/6/23,W,559485,428321,987806
10/7/23,A,386990,334134,721124
10/8/23,U,253021,403385,656406
10/9/23,W,452540,366694,819234
10/10/23,W,601129,443465,1044594
10/11/23,W,598019,442594,1040613
10/12/23,W,567954,433731,1001685
10/13/23,W,519462,373986,893448
10/14/23,A,338320,266624,604944
10/15/23,U,293753,222768,516521
10/16/23,W,551971,374520,926491
10/17/23,W,587256,440241,1027497
10/18/23,W,595182,439266,1034448
10/19/23,W,579587,433975,1013562
10/20/23,W,562941,395292,958233
10/21/23,A,364186,309900,674086
10/22/23,U,288942,219804,508746
10/23/23,W,555068,379650,934718
10/24/23,W,598773,434867,1033640
10/25/23,W,570560,426962,997522
10/26/23,W,535013,412606,947619
10/27/23,W,503840,373004,876844
10/28/23,A,360484,275006,635490
10/29/23,U,250473,185823,436296
10/30/23,W,551840,367453,919293
10/31/23,W,520069,390110,910179
11/1/23,W,576336,410084,986420
11/2/23,W,579094,419780,998874
11/3/23,W,563943,373412,937355
11/4/23,A,401704,280222,681926
11/5/23,U,296526,200577,497103
11/6/23,W,568672,375471,944143
11/7/23,W,588549,424318,1012867
11/8/23,W,578329,422082,1000411
11/9/23,W,588110,454074,1042184
11/10/23,W,461731,351382,813113
11/11/23,A,354671,266284,620955
11/12/23,U,294251,195035,489286
11/13/23,W,558320,370511,928831
11/14/23,W,581009,424128,1005137
11/15/23,W,587609,422609,1010218
11/16/23,W,580758,415406,996164
11/17/23,W,544624,418827,963451
11/18/23,A,348044,315864,663908
11/19/23,U,278346,201431,479777
11/20/23,W,472022,334103,806125
11/21/23,W,465329,339605,804934
11/22/23,W,443954,298121,742075
11/23/23,U,187931,128326,316257
11/24/23,W,323157,227199,550356
11/25/23,A,310164,213175,523339
11/26/23,U,219912,160320,380232
11/27/23,W,505729,325992,831721
11/28/23,W,522935,368618,891553
11/29/23,W,553418,387126,940544
11/30/23,W,559855,396342,956197
12/1/23,W,513523,339748,853271
12/2/23,A,358919,260456,619375
12/3/23,U,268845,172945,441790
12/4/23,W,537917,337666,875583
12/5/23,W,556584,384481,941065
12/6/23,W,572732,389802,962534
12/7/23,W,580504,404303,984807
12/8/23,W,561665,372605,934270
12/9/23,A,369433,283097,652530
12/10/23,U,264202,196318,460520
12/11/23,W,517482,326238,843720
12/12/23,W,556451,378617,935068
12/13/23,W,559461,378896,938357
12/14/23,W,558905,384778,943683
12/15/23,W,535654,351722,887376
12/16/23,A,321951,230799,552750
12/17/23,U,271335,184885,456220
12/18/23,W,498940,306545,805485
12/19/23,W,527927,342290,870217
12/20/23,W,540890,343581,884471
12/21/23,W,519383,325377,844760
12/22/23,W,418720,267301,686021
12/23/23,A,341975,206358,548333
12/24/23,U,247277,141693,388970
12/25/23,U,145433,80206,225639
12/26/23,W,360458,208665,569123
12/27/23,W,403147,252136,655283
12/28/23,W,392855,253397,646252
12/29/23,W,415822,261610,677432
12/30/23,A,340207,212901,553108
12/31/23,U,250204,187144,437348
1/1/24,U,205964,152767,358731
1/2/24,W,417384,278216,695600
1/3/24,W,451613,307037,758650
1/4/24,W,460277,317437,777714
1/5/24,W,445488,280897,726385
1/6/24,A,308872,196983,505855
1/7/24,U,249187,152158,401345
1/8/24,W,517198,326817,844015
1/9/24,W,478685,330005,808690
1/10/24,W,548560,369768,918328
1/11/24,W,552911,377922,930833
1/12/24,W,368347,239249,607596
1/13/24,A,286037,183824,469861
1/14/24,U,146724,93057,239781
1/15/24,W,206791,127069,333860
1/16/24,W,280514,185903,466417
1/17/24,W,466850,322741,789591
1/18/24,W,521058,362414,883472
1/19/24,W,462986,293650,756636
1/20/24,A,301556,191705,493261
1/21/24,U,227288,147028,374316
1/22/24,W,518106,336751,854857
1/23/24,W,521585,369664,891249
1/24/24,W,549204,389714,938918
1/25/24,W,554313,390971,945284
1/26/24,W,534739,329826,864565
1/27/24,A,349068,222033,571101
1/28/24,U,255458,158081,413539
1/29/24,W,545769,340556,886325
1/30/24,W,571297,388718,960015
1/31/24,W,579236,389322,968558
2/1/24,W,601932,393012,994944
2/2/24,W,558905,329307,888212
2/3/24,A,372165,230410,602575
2/4/24,U,274654,168339,442993
2/5/24,W,558625,339256,897881
2/6/24,W,595983,390513,986496
2/7/24,W,595233,389227,984460
2/8/24,W,584729,391355,976084
2/9/24,W,515769,333453,849222
2/10/24,A,373420,231891,605311
2/11/24,U,277432,165836,443268
2/12/24,W,534181,325070,859251
2/13/24,W,598961,395880,994841
2/14/24,W,595347,397294,992641
2/15/24,W,568392,387472,955864
2/16/24,W,533701,325332,859033
2/17/24,A,340993,224306,565299
2/18/24,U,280002,189881,469883
2/19/24,W,417871,271357,689228
2/20/24,W,591252,389327,980579
2/21/24,W,600241,395915,996156
2/22/24,W,587867,396466,984333
2/23/24,W,551392,336416,887808
2/24/24,A,345189,225233,570422
2/25/24,U,280214,175446,455660
2/26/24,W,560355,347691,908046
2/27/24,W,587359,392420,979779
2/28/24,W,549028,375242,924270
2/29/24,W,577283,386672,963955
3/1/24,W,569569,335736,905305
3/2/24,A,389713,252550,642263
3/3/24,U,298601,184885,483486
3/4/24,W,556051,334107,890158
3/5/24,W,570139,383689,953828
3/6/24,W,595103,393574,988677
3/7/24,W,580398,390865,971263
3/8/24,W,488443,314783,803226
3/9/24,A,379680,245369,625049
3/10/24,U,280181,178611,458792
3/11/24,W,567851,351801,919652
3/12/24,W,599389,411314,1010703
3/13/24,W,597287,416180,1013467
3/14/24,W,539322,393348,932670
3/15/24,W,566639,386514,953153
3/16/24,A,399006,499424,898430
3/17/24,U,281004,206731,487735
3/18/24,W,535201,346463,881664
3/19/24,W,583292,396834,980126
3/20/24,W,584856,392077,976933
3/21/24,W,564484,383735,948219
3/22/24,W,491011,318712,809723
3/23/24,A,373194,249326,622520
3/24/24,U,279349,206108,485457
3/25/24,W,474355,319635,793990
3/26/24,W,514563,359360,873923
3/27/24,W,515194,364672,879866
3/28/24,W,513043,374590,887633
3/29/24,W,480044,313507,793551
3/30/24,A,375490,244072,619562
3/31/24,U,251600,158867,410467
4/1/24,W,478962,333881,812843
4/2/24,W,570490,393519,964009
4/3/24,W,572710,395413,968123
4/4/24,W,575373,401414,976787
4/5/24,W,576732,375602,952334
4/6/24,A,397658,286304,683962
4/7/24,U,256839,185460,442299
4/8/24,W,560623,352426,913049
4/9/24,W,593688,400628,994316
4/10/24,W,604655,405524,1010179
4/11/24,W,557100,397195,954295
4/12/24,W,582983,365492,948475
4/13/24,A,412391,281343,693734
4/14/24,U,327938,210780,538718
4/15/24,W,588349,369259,957608
4/16/24,W,599597,405400,1004997
4/17/24,W,600084,408474,1008558
4/18/24,W,606325,417750,1024075
4/19/24,W,591814,383321,975135
4/20/24,A,406861,279746,686607
4/21/24,U,307107,203722,510829
4/22/24,W,576206,353190,929396
4/23/24,W,600004,410045,1010049
4/24/24,W,599179,416815,1015994
4/25/24,W,615343,428724,1044067
4/26/24,W,554146,355278,909424
4/27/24,A,419731,286199,705930
4/28/24,U,293589,196481,490070
4/29/24,W,556233,349857,906090
4/30/24,W,632501,409097,1041598
5/1/24,W,644438,416920,1061358
5/2/24,W,600203,409105,1009308
5/3/24,W,608085,388593,996678
5/4/24,A,418067,299808,717875
5/5/24,U,317248,226928,544176
5/6/24,W,597540,379559,977099
5/7/24,W,572181,412646,984827
5/8/24,W,624927,443868,1068795
5/9/24,W,569230,406557,975787
5/10/24,W,591810,378284,970094
5/11/24,A,416481,273276,689757
5/12/24,U,318883,203067,521950
5/13/24,W,550608,349237,899845
5/14/24,W,598482,410254,1008736
5/15/24,W,615430,419635,1035065
5/16/24,W,601542,434466,1036008
5/17/24,W,595193,402254,997447
5/18/24,A,430341,315833,746174
5/19/24,U,329129,250996,580125
5/20/24,W,561715,366053,927768
5/21/24,W,618559,443937,1062496
5/22/24,W,621123,450124,1071247
5/23/24,W,609570,457738,1067308
5/24/24,W,557209,368883,926092
5/25/24,A,420064,342285,762349
5/26/24,U,279820,220267,500087
5/27/24,U,306648,205186,511834
5/28/24,W,585174,396139,981313
5/29/24,W,612055,423439,1035494
5/30/24,W,604848,424200,1029048
5/31/24,W,590998,410904,1001902
6/1/24,A,359226,257545,616771
6/2/24,U,347275,256837,604112
6/3/24,W,594326,377947,972273
6/4/24,W,602909,443126,1046035
6/5/24,W,602717,450039,1052756
6/6/24,W,606273,440625,1046898
6/7/24,W,538174,384835,923009
6/8/24,A,388074,295372,683446
6/9/24,U,338317,265680,603997
6/10/24,W,521105,360674,881779
6/11/24,W,556731,415884,972615
6/12/24,W,576142,423834,999976
6/13/24,W,541343,414773,956116
6/14/24,W,536639,412548,949187
6/15/24,A,421892,329557,751449
6/16/24,U,314305,239123,553428
6/17/24,W,500089,363300,863389
6/18/24,W,551782,426829,978611
6/19/24,W,482860,349203,832063
6/20/24,W,548449,411020,959469
6/21/24,W,539303,406032,945335
6/22/24,A,430009,334791,764800
6/23/24,U,333514,259057,592571
6/24/24,W,535003,366575,901578
6/25/24,W,537591,390929,928520
6/26/24,W,586929,426272,1013201
6/27/24,W,573982,434454,1008436
6/28/24,W,519127,372226,891353
6/29/24,A,426204,296659,722863
6/30/24,U,332479,322925,655404
7/1/24,W,556122,362056,918178
7/2/24,W,554430,411251,965681
7/3/24,W,575361,404738,980099
7/4/24,U,319593,237409,557002
7/5/24,W,472097,346546,818643
7/6/24,A,400805,322596,723401
7/7/24,U,304485,241639,546124
7/8/24,W,523371,364702,888073
7/9/24,W,543503,400891,944394
7/10/24,W,560627,409640,970267
7/11/24,W,569850,418692,988542
7/12/24,W,548479,381120,929599
7/13/24,A,424138,300881,725019
7/14/24,U,303034,217483,520517
7/15/24,W,514909,360359,875268
7/16/24,W,565584,408295,973879
7/17/24,W,579034,417491,996525
7/18/24,W,563700,423510,987210
7/19/24,W,536479,407254,943733
7/20/24,A,415213,336971,752184
7/21/24,U,336062,262703,598765
7/22/24,W,536657,384948,921605
7/23/24,W,563934,431681,995615
7/24/24,W,574946,434300,1009246
7/25/24,W,571492,427841,999333
7/26/24,W,543502,393133,936635
7/27/24,A,426551,328573,755124
7/28/24,U,305854,225835,531689
7/29/24,W,499487,347579,847066
7/30/24,W,564465,418450,982915
7/31/24,W,553120,451191,1004311
8/1/24,W,554928,506493,1061421
8/2/24,W,540073,474521,1014594
8/3/24,A,424966,401995,826961
8/4/24,U,330850,304125,634975
8/5/24,W,501014,373023,874037
8/6/24,W,536195,418245,954440
8/7/24,W,572289,435129,1007418
8/8/24,W,555177,415675,970852
8/9/24,W,534634,407471,942105
8/10/24,A,429880,355517,785397
8/11/24,U,335905,277892,613797
8/12/24,W,511004,367635,878639
8/13/24,W,561949,432482,994431
8/14/24,W,566338,414324,980662
8/15/24,W,519903,391361,911264
8/16/24,W,526888,392699,919587
8/17/24,A,388616,312275,700891
8/18/24,U,319383,253295,572678
8/19/24,W,498548,335708,834256
8/20/24,W,521241,361335,882576
8/21/24,W,528372,364450,892822
8/22/24,W,529364,377301,906665
8/23/24,W,519640,368235,887875
8/24/24,A,404561,296195,700756
8/25/24,U,325668,239814,565482
8/26/24,W,596306,376308,972614
8/27/24,W,583649,409119,992768
8/28/24,W,637588,442189,1079777
8/29/24,W,644581,469123,1113704
8/30/24,W,606824,417283,1024107
8/31/24,A,428266,353476,781742
9/1/24,U,344967,290763,635730
9/2/24,U,325776,239695,565471
9/3/24,W,654167,437190,1091357
9/4/24,W,653220,454140,1107360
9/5/24,W,644748,447217,1091965
9/6/24,W,616701,434618,1051319
9/7/24,A,409867,335343,745210
9/8/24,U,320438,267262,587700
9/9/24,W,618371,405350,1023721
9/10/24,W,646216,451939,1098155
9/11/24,W,655564,452664,1108228
9/12/24,W,637736,454382,1092118
9/13/24,W,610703,407861,1018564
9/14/24,A,412078,324266,736344
9/15/24,U,308413,257266,565679
9/16/24,W,607976,412568,1020544
9/17/24,W,651158,466890,1118048
9/18/24,W,655614,467380,1122994
9/19/24,W,652616,478448,1131064
9/20/24,W,622603,444850,1067453
9/21/24,A,433756,343362,777118
9/22/24,U,271129,219586,490715
9/23/24,W,613582,407176,1020758
9/24/24,W,582939,434551,1017490
9/25/24,W,669879,472330,1142209
9/26/24,W,659106,474890,1133996
9/27/24,W,564419,418093,982512
9/28/24,A,384642,312755,697397
9/29/24,U,312714,246922,559636
9/30/24,W,619994,406220,1026214
10/1/24,W,675858,457355,1133213
10/2/24,W,663546,452173,1115719
10/3/24,W,670461,454449,1124910
10/4/24,W,619444,409598,1029042
10/5/24,A,431370,318359,749729
10/6/24,U,336190,248486,584676
10/7/24,W,623133,406230,1029363
10/8/24,W,652969,459661,1112630
10/9/24,W,661361,467517,1128878
10/10/24,W,650278,485221,1135499
10/11/24,W,624145,456909,1081054
10/12/24,A,427732,369877,797609
10/13/24,U,280965,466771,747736
10/14/24,W,486971,384342,871313
10/15/24,W,582685,444249,1026934
10/16/24,W,652964,462121,1115085
10/17/24,W,650082,466090,1116172
10/18/24,W,627426,413404,1040830
10/19/24,A,425987,354109,780096
10/20/24,U,321239,239392,560631
10/21/24,W,619582,403752,1023334
10/22/24,W,642373,451887,1094260
10/23/24,W,653689,461471,1115160
10/24/24,W,654696,465121,1119817
10/25/24,W,611655,408835,1020490
10/26/24,A,427475,296326,723801
10/27/24,U,312965,215594,528559
10/28/24,W,611041,389359,1000400
10/29/24,W,652674,444706,1097380
10/30/24,W,657942,451915,1109857
10/31/24,W,605292,425596,1030888
11/1/24,W,618998,381782,1000780
11/2/24,A,410559,281277,691836
11/3/24,U,267845,227887,495732
11/4/24,W,553515,383217,936732
11/5/24,W,519574,379110,898684
11/6/24,W,631969,427995,1059964
11/7/24,W,644506,450680,1095186
11/8/24,W,601808,396291,998099
11/9/24,A,391070,288855,679925
11/10/24,U,306889,232420,539309
11/11/24,W,556273,358572,914845
11/12/24,W,640199,437888,1078087
11/13/24,W,633647,434362,1068009
11/14/24,W,620448,439564,1060012
11/15/24,W,603141,397040,1000181
11/16/24,A,399551,316374,715925
11/17/24,U,308995,233733,542728
11/18/24,W,565097,383053,948150
11/19/24,W,639269,439683,1078952
11/20/24,W,625498,428958,1054456
11/21/24,W,539977,414493,954470
11/22/24,W,583958,431451,1015409
11/23/24,A,384030,340935,724965
11/24/24,U,301518,222021,523539
11/25/24,W,512387,344627,857014
11/26/24,W,518470,356826,875296
11/27/24,W,477247,308919,786166
11/28/24,U,190991,132382,323373
11/29/24,W,344005,224635,568640
11/30/24,A,308864,217565,526429
12/1/24,U,251107,175212,426319
12/2/24,W,554092,349175,903267
12/3/24,W,607733,405908,1013641
12/4/24,W,600576,411039,1011615
12/5/24,W,564481,401576,966057
12/6/24,W,559457,371522,930979
12/7/24,A,384908,286352,671260
12/8/24,U,310160,216292,526452
12/9/24,W,585535,364276,949811
12/10/24,W,597740,406353,1004093
12/11/24,W,580091,398016,978107
12/12/24,W,481459,350852,832311
12/13/24,W,521773,360766,882539
12/14/24,A,347954,262799,610753
12/15/24,U,277186,198006,475192
12/16/24,W,551435,342529,893964
12/17/24,W,582711,391307,974018
12/18/24,W,577854,382314,960168
12/19/24,W,552524,373795,926319
12/20/24,W,509530,326711,836241
12/21/24,A,346988,234439,581427
12/22/24,U,271433,188272,459705
12/23/24,W,425982,267754,693736
12/24/24,W,341225,181487,522712
12/25/24,U,146592,86287,232879
12/26/24,W,366721,225335,592056
12/27/24,W,394689,245475,640164
12/28/24,A,348599,222891,571490
12/29/24,U,231003,158657,389660
12/30/24,W,447644,285475,733119
12/31/24,W,386206,281447,667653